labels 1 2
2 0.0399694 0.960031
2 0.0158006 0.984199
2 0.293444 0.706556
2 0.0923513 0.907649
2 0.0188914 0.981109
2 0.0816689 0.918331
2 0.10556 0.89444
2 0.116662 0.883338
2 0.368579 0.631421
2 0.0285313 0.971469
2 0.0112926 0.988707
2 0.0421877 0.957812
2 0.418902 0.581098
2 0.120809 0.879191
2 0.139373 0.860627
2 0.479439 0.520561
2 0.16718 0.83282
2 0.309586 0.690414
2 0.270621 0.729379
2 0.0217574 0.978243
2 0.0158557 0.984144
2 0.0906839 0.909316
2 0.00131567 0.998684
2 0.0231928 0.976807
2 0.0176677 0.982332
2 0.0363913 0.963609
2 0.0127048 0.987295
2 0.110273 0.889727
2 0.0144679 0.985532
2 0.0580865 0.941913
2 0.101019 0.898981
2 0.00581823 0.994182
2 0.102612 0.897388
2 0.279 0.721
2 0.142064 0.857936
2 0.180078 0.819922
2 0.45608 0.54392
1 0.78575 0.21425
1 0.776869 0.223131
1 0.85017 0.14983
2 0.309718 0.690282
2 0.302741 0.697259
1 0.947889 0.0521108
1 0.996345 0.00365511
1 0.955959 0.0440408
2 0.0324035 0.967596
2 0.254479 0.745521
2 0.422495 0.577505
2 0.313711 0.686289
2 0.105621 0.894379
2 0.116115 0.883885
2 0.0981965 0.901804
2 0.0300983 0.969902
2 0.00960516 0.990395
2 0.0054052 0.994595
2 0.0154925 0.984507
2 0.0209963 0.979004
2 0.173073 0.826927
2 0.0614169 0.938583
2 0.0442785 0.955721
2 0.0523329 0.947667
2 0.224051 0.775949
2 0.0501086 0.949891
2 0.0660061 0.933994
2 0.106095 0.893905
2 0.0145988 0.985401
2 0.177278 0.822722
2 0.144195 0.855805
2 0.134354 0.865646
2 0.15451 0.84549
2 0.432024 0.567976
1 0.520558 0.479442
1 0.943639 0.056361
1 0.555442 0.444558
2 0.0988893 0.901111
2 0.0552581 0.944742
2 0.38817 0.61183
1 0.836243 0.163757
1 0.938225 0.0617752
1 0.619642 0.380358
2 0.157683 0.842317
1 0.62134 0.37866
2 0.299667 0.700333
1 0.853442 0.146558
2 0.211062 0.788938
1 0.711984 0.288016
1 0.956345 0.043655
1 0.9691 0.0309003
2 0.0706337 0.929366
2 0.11123 0.88877
1 0.531164 0.468836
2 0.0931266 0.906873
2 0.102324 0.897676
2 0.0554246 0.944575
2 0.454541 0.545459
2 0.0395521 0.960448
2 0.0885757 0.911424
2 0.0130211 0.986979
2 0.0115749 0.988425
2 0.0406624 0.959338
2 0.0371651 0.962835
2 0.139398 0.860602
2 0.010513 0.989487
2 0.0957345 0.904265
2 0.0397996 0.9602
2 0.0990856 0.900914
2 0.45443 0.54557
1 0.947456 0.0525443
1 0.722087 0.277913
1 0.866507 0.133493
1 0.509255 0.490745
2 0.150582 0.849418
2 0.0272652 0.972735
2 0.197558 0.802442
2 0.0659221 0.934078
1 0.511962 0.488038
1 0.659312 0.340688
1 0.995575 0.00442496
1 0.905867 0.0941327
2 0.211466 0.788534
2 0.169432 0.830568
2 0.163363 0.836637
2 0.100308 0.899692
2 0.00247625 0.997524
2 0.178144 0.821856
2 0.259298 0.740702
1 0.689759 0.310241
2 0.127058 0.872942
2 0.316758 0.683242
1 0.720912 0.279088
2 0.3328 0.6672
2 0.394442 0.605558
1 0.719319 0.280681
1 0.637908 0.362092
2 0.381276 0.618724
2 0.0389053 0.961095
2 0.193622 0.806378
2 0.230446 0.769554
2 0.335238 0.664762
1 0.587913 0.412087
2 0.44012 0.55988
2 0.392868 0.607132
1 0.916102 0.0838975
1 0.928219 0.0717805
1 0.514845 0.485155
2 0.0639701 0.93603
2 0.0404741 0.959526
2 0.0332915 0.966708
2 0.363797 0.636203
1 0.583267 0.416733
1 0.690836 0.309164
1 0.580771 0.419229
2 0.147132 0.852868
2 0.00643434 0.993566
2 0.00402858 0.995971
2 0.0613891 0.938611
2 0.044822 0.955178
2 0.473807 0.526193
2 0.38324 0.61676
1 0.964034 0.0359664
1 0.999243 0.000757362
1 0.997859 0.00214094
1 0.935013 0.0649871
1 0.643735 0.356265
2 0.00322227 0.996778
2 0.020158 0.979842
2 0.0176909 0.982309
2 0.155079 0.844921
2 0.178286 0.821714
2 0.295802 0.704198
2 0.299342 0.700658
2 0.0449837 0.955016
1 0.527207 0.472793
2 0.473494 0.526506
2 0.00512947 0.994871
2 0.0144838 0.985516
2 0.230197 0.769803
2 0.0145337 0.985466
2 0.106027 0.893973
2 0.170616 0.829384
2 0.0484321 0.951568
2 0.494745 0.505255
1 0.77684 0.22316
2 0.473044 0.526956
2 0.155526 0.844474
2 0.0221413 0.977859
2 0.0025276 0.997472
2 0.0313767 0.968623
2 0.280135 0.719865
2 0.497161 0.502839
2 0.347119 0.652881
2 0.2704 0.7296
2 0.264133 0.735867
2 0.0932688 0.906731
2 0.0124578 0.987542
2 0.00312731 0.996873
2 0.0165984 0.983402
2 0.0466732 0.953327
2 0.0357566 0.964243
1 0.830979 0.169021
1 0.959071 0.040929
2 0.466831 0.533169
2 0.106166 0.893834
2 0.0829814 0.917019
2 0.0987426 0.901257
2 0.0436154 0.956385
2 0.251037 0.748963
2 0.00477111 0.995229
2 0.0589351 0.941065
2 0.047812 0.952188
2 0.00208402 0.997916
2 0.0123228 0.987677
2 0.0822142 0.917786
1 0.569741 0.430259
2 0.219201 0.780799
2 0.11966 0.88034
2 0.0622446 0.937755
2 0.213761 0.786239
2 0.279901 0.720099
2 0.199397 0.800603
2 0.0524099 0.94759
2 0.0256166 0.974383
2 0.0857915 0.914209
2 0.0840191 0.915981
2 0.0126962 0.987304
2 0.0320942 0.967906
2 0.176144 0.823856
2 0.0597178 0.940282
2 0.0245183 0.975482
2 0.0289278 0.971072
2 0.0218398 0.97816
2 0.0367019 0.963298
2 0.216362 0.783638
2 0.0537013 0.946299
2 0.026155 0.973845
1 0.768438 0.231562
2 0.152051 0.847949
2 0.0648093 0.935191
2 0.0867425 0.913257
2 0.0383167 0.961683
2 0.0298955 0.970105
2 0.234571 0.765429
2 0.414067 0.585933
2 0.0116067 0.988393
2 0.0321868 0.967813
2 0.00872513 0.991275
2 0.0106958 0.989304
2 0.0126629 0.987337
2 0.00390259 0.996097
2 0.0288487 0.971151
1 0.552535 0.447465
2 0.00797605 0.992024
2 0.0140503 0.98595
2 0.00760668 0.992393
2 0.0175809 0.982419
2 0.0230739 0.976926
2 0.0835407 0.916459
2 0.05612 0.94388
2 0.0239727 0.976027
2 0.0859276 0.914072
2 0.0756136 0.924386
2 0.155652 0.844348
2 0.0145545 0.985446
2 0.0167488 0.983251
2 0.0479971 0.952003
2 0.0905802 0.90942
2 0.00443078 0.995569
2 0.0426483 0.957352
2 0.0136663 0.986334
2 0.0570651 0.942935
2 0.101009 0.898991
2 0.258816 0.741184
2 0.04414 0.95586
2 0.199786 0.800214
2 0.197902 0.802098
2 0.0704363 0.929564
2 0.00441327 0.995587
2 0.0192192 0.980781
2 0.0349671 0.965033
2 0.219984 0.780016
2 0.0437691 0.956231
2 0.011778 0.988222
2 0.0042883 0.995712
2 0.00319243 0.996808
2 0.0466307 0.953369
2 0.0205698 0.97943
2 0.133329 0.866671
2 0.188968 0.811032
2 0.0664715 0.933529
2 0.0673635 0.932637
2 0.173221 0.826779
2 0.159398 0.840602
2 0.146036 0.853964
2 0.26521 0.73479
1 0.632993 0.367007
1 0.533107 0.466893
2 0.166209 0.833791
2 0.0500151 0.949985
2 0.185866 0.814134
2 0.189526 0.810474
2 0.118202 0.881798
2 0.01769 0.98231
2 0.0394304 0.96057
2 0.0394479 0.960552
2 0.0971145 0.902885
2 0.385403 0.614597
2 0.135984 0.864016
2 0.0617264 0.938274
2 0.357028 0.642972
2 0.0513055 0.948694
2 0.279892 0.720108
2 0.0234235 0.976577
2 0.17682 0.82318
2 0.103153 0.896847
2 0.0666758 0.933324
2 0.37564 0.62436
1 0.769295 0.230705
2 0.272106 0.727894
2 0.0966236 0.903376
2 0.0409133 0.959087
2 0.012296 0.987704
2 0.181966 0.818034
2 0.304955 0.695045
2 0.420282 0.579718
2 0.259197 0.740803
2 0.234132 0.765868
2 0.146581 0.853419
2 0.0272114 0.972789
2 0.0381429 0.961857
2 0.446407 0.553593
2 0.0417004 0.9583
2 0.49867 0.50133
2 0.369771 0.630229
2 0.352406 0.647594
2 0.105001 0.894999
2 0.017037 0.982963
2 0.223391 0.776609
2 0.0337108 0.966289
2 0.0356689 0.964331
2 0.121933 0.878067
2 0.0318444 0.968156
2 0.0113851 0.988615
2 0.0513619 0.948638
2 0.0367846 0.963215
2 0.198801 0.801199
2 0.175421 0.824579
2 0.214985 0.785015
2 0.0712383 0.928762
2 0.249411 0.750589
2 0.379644 0.620356
2 0.179441 0.820559
2 0.119278 0.880722
2 0.250859 0.749141
2 0.0737893 0.926211
2 0.0225498 0.97745
2 0.0107938 0.989206
2 0.0257483 0.974252
2 0.00181088 0.998189
2 0.117356 0.882644
2 0.0444433 0.955557
2 0.158968 0.841032
2 0.0348429 0.965157
2 0.102924 0.897076
2 0.0760054 0.923995
2 0.0112871 0.988713
2 0.101678 0.898322
2 0.292992 0.707008
2 0.293025 0.706975
2 0.0919082 0.908092
2 0.147277 0.852723
2 0.0165693 0.983431
2 0.00921902 0.990781
2 0.0718182 0.928182
2 0.0108529 0.989147
2 0.256066 0.743934
2 0.497485 0.502515
2 0.0650554 0.934945
2 0.0322 0.9678
2 0.158259 0.841741
2 0.221397 0.778603
2 0.0324375 0.967562
2 0.0541622 0.945838
2 0.0204552 0.979545
2 0.0305526 0.969447
2 0.050237 0.949763
2 0.121727 0.878273
2 0.02474 0.97526
2 0.0251138 0.974886
2 0.0939336 0.906066
2 0.376995 0.623005
2 0.0163909 0.983609
2 0.00791743 0.992083
2 0.12432 0.87568
2 0.0389722 0.961028
2 0.0513381 0.948662
2 0.03535 0.96465
2 0.0139052 0.986095
2 0.209078 0.790922
2 0.191655 0.808345
2 0.157089 0.842911
2 0.0698862 0.930114
2 0.03096 0.96904
2 0.43739 0.56261
2 0.249908 0.750092
2 0.0415036 0.958496
2 0.0123832 0.987617
2 0.35738 0.64262
1 0.563696 0.436304
2 0.0650832 0.934917
2 0.413378 0.586622
1 0.838863 0.161137
2 0.296639 0.703361
2 0.416462 0.583538
2 0.329469 0.670531
2 0.0822902 0.91771
2 0.0888915 0.911108
2 0.250325 0.749675
2 0.169038 0.830962
2 0.183786 0.816214
2 0.278591 0.721409
2 0.163943 0.836057
2 0.00783258 0.992167
2 0.0652447 0.934755
2 0.160469 0.839531
2 0.0570482 0.942952
2 0.117535 0.882465
2 0.0164702 0.98353
2 0.0434115 0.956588
2 0.257062 0.742938
2 0.0569683 0.943032
2 0.22869 0.77131
2 0.0876763 0.912324
2 0.0793436 0.920656
2 0.192081 0.807919
1 0.81463 0.18537
2 0.375781 0.624219
2 0.0848407 0.915159
2 0.077405 0.922595
2 0.0376689 0.962331
2 0.0386619 0.961338
2 0.0652034 0.934797
2 0.28827 0.71173
2 0.361558 0.638442
2 0.0655705 0.934429
2 0.241537 0.758463
1 0.819059 0.180941
1 0.935956 0.0640442
1 0.965461 0.0345387
1 0.656201 0.343799
2 0.0149302 0.98507
2 0.101632 0.898368
2 0.110402 0.889598
2 0.429586 0.570414
2 0.09661 0.90339
2 0.182305 0.817695
2 0.394452 0.605548
2 0.148071 0.851929
2 0.313484 0.686516
2 0.047393 0.952607
2 0.0444863 0.955514
2 0.0442073 0.955793
2 0.0273616 0.972638
2 0.0143908 0.985609
2 0.00147699 0.998523
2 0.0382039 0.961796
2 0.00736074 0.992639
2 0.0883736 0.911626
2 0.0537215 0.946278
2 0.00780896 0.992191
2 0.075706 0.924294
2 0.0399334 0.960067
2 0.014907 0.985093
2 0.0080396 0.99196
2 0.0169393 0.983061
2 0.0857728 0.914227
2 0.0089454 0.991055
2 0.0815531 0.918447
2 0.0183157 0.981684
2 0.0196465 0.980353
2 0.0333671 0.966633
2 0.0110685 0.988931
2 0.0517824 0.948218
2 0.00502935 0.994971
2 0.00683932 0.993161
2 0.0276885 0.972312
2 0.015937 0.984063
2 0.0131164 0.986884
2 0.00836433 0.991636
2 0.0402639 0.959736
2 0.265271 0.734729
2 0.0700635 0.929936
2 0.020639 0.979361
2 0.0529673 0.947033
2 0.239766 0.760234
2 0.0977482 0.902252
2 0.0606258 0.939374
2 0.036969 0.963031
2 0.283522 0.716478
2 0.0782722 0.921728
2 0.00659079 0.993409
2 0.150959 0.849041
2 0.0755753 0.924425
2 0.0149732 0.985027
2 0.102032 0.897968
2 0.225009 0.774991
2 0.17653 0.82347
2 0.492772 0.507228
2 0.0106504 0.98935
2 0.027387 0.972613
2 0.161466 0.838534
2 0.0318552 0.968145
2 0.0931907 0.906809
2 0.01542 0.98458
2 0.0610768 0.938923
2 0.144979 0.855021
2 0.172629 0.827371
1 0.829445 0.170555
2 0.222576 0.777424
2 0.137807 0.862193
2 0.0256058 0.974394
2 0.0120283 0.987972
2 0.0993896 0.90061
2 0.409491 0.590509
1 0.691159 0.308841
1 0.673642 0.326358
2 0.203086 0.796914
2 0.0182229 0.981777
2 0.0392862 0.960714
2 0.0110699 0.98893
2 0.107356 0.892644
2 0.0405362 0.959464
2 0.130627 0.869373
2 0.236656 0.763344
2 0.231519 0.768481
2 0.404179 0.595821
2 0.141251 0.858749
2 0.209346 0.790654
2 0.0860941 0.913906
2 0.160384 0.839616
2 0.181905 0.818095
2 0.195274 0.804726
2 0.0569105 0.943089
2 0.171197 0.828803
2 0.489423 0.510577
2 0.097396 0.902604
2 0.0197139 0.980286
2 0.0296095 0.97039
2 0.439802 0.560198
2 0.0461458 0.953854
2 0.0434134 0.956587
2 0.0277001 0.9723
2 0.0358321 0.964168
2 0.26968 0.73032
1 0.792545 0.207455
2 0.030147 0.969853
2 0.139525 0.860475
1 0.655935 0.344065
2 0.0506613 0.949339
2 0.164719 0.835281
2 0.173385 0.826615
2 0.0686119 0.931388
2 0.319607 0.680393
2 0.288139 0.711861
1 0.704237 0.295763
1 0.66147 0.33853
2 0.0958599 0.90414
2 0.0401019 0.959898
1 0.515038 0.484962
2 0.0822916 0.917708
2 0.104993 0.895007
2 0.0103271 0.989673
2 0.216876 0.783124
2 0.150737 0.849263
2 0.0622297 0.93777
2 0.459016 0.540984
1 0.652901 0.347099
1 0.578318 0.421682
2 0.0856998 0.9143
1 0.969427 0.030573
2 0.321684 0.678316
2 0.215118 0.784882
2 0.31254 0.68746
2 0.341618 0.658382
2 0.324115 0.675885
2 0.479794 0.520206
2 0.0793582 0.920642
2 0.0213628 0.978637
2 0.0385631 0.961437
2 0.0636988 0.936301
2 0.0245261 0.975474
1 0.51588 0.48412
2 0.243756 0.756244
1 0.93991 0.0600897
1 0.501827 0.498173
2 0.42308 0.57692
1 0.813106 0.186894
2 0.0563754 0.943625
1 0.614392 0.385608
1 0.533535 0.466465
1 0.564427 0.435573
2 0.232594 0.767406
2 0.120015 0.879985
2 0.0965843 0.903416
2 0.0425975 0.957403
2 0.246335 0.753665
2 0.0224166 0.977583
2 0.225602 0.774398
2 0.0149435 0.985056
2 0.0344637 0.965536
2 0.0345711 0.965429
2 0.0554881 0.944512
2 0.220489 0.779511
2 0.213281 0.786719
1 0.909373 0.0906265
2 0.145181 0.854819
1 0.558986 0.441014
2 0.306796 0.693204
2 0.0162044 0.983796
2 0.0201569 0.979843
2 0.00515286 0.994847
2 0.0315586 0.968441
2 0.355984 0.644016
2 0.090993 0.909007
2 0.310778 0.689222
1 0.885765 0.114235
2 0.269665 0.730335
2 0.190557 0.809443
2 0.0398111 0.960189
2 0.0775529 0.922447
2 0.368243 0.631757
2 0.313087 0.686913
2 0.0158079 0.984192
2 0.0832097 0.91679
2 0.00273566 0.997264
2 0.014451 0.985549
2 0.0132031 0.986797
2 0.0148099 0.98519
2 0.0707899 0.92921
2 0.283355 0.716645
2 0.270448 0.729552
2 0.0608673 0.939133
2 0.0140158 0.985984
2 0.295969 0.704031
1 0.762688 0.237312
2 0.177667 0.822333
2 0.0312245 0.968776
2 0.139058 0.860942
2 0.0251916 0.974808
2 0.0322394 0.967761
1 0.785383 0.214617
1 0.639489 0.360511
2 0.487653 0.512347
2 0.247118 0.752882
2 0.279138 0.720862
2 0.023126 0.976874
2 0.0121083 0.987892
2 0.041687 0.958313
2 0.00488126 0.995119
2 0.0141448 0.985855
2 0.0110985 0.988902
2 0.00954239 0.990458
2 0.0821142 0.917886
2 0.100279 0.899721
2 0.197288 0.802712
1 0.703879 0.296121
2 0.0608641 0.939136
2 0.0383734 0.961627
2 0.0531188 0.946881
2 0.442441 0.557559
2 0.11661 0.88339
2 0.410103 0.589897
2 0.251224 0.748776
2 0.00760483 0.992395
2 0.0216371 0.978363
2 0.0310673 0.968933
2 0.0122623 0.987738
2 0.0550131 0.944987
2 0.0376089 0.962391
2 0.00712628 0.992874
2 0.389193 0.610807
1 0.89746 0.10254
1 0.856781 0.143219
2 0.104955 0.895045
2 0.168682 0.831318
2 0.00468922 0.995311
2 0.11298 0.88702
2 0.418395 0.581605
1 0.917589 0.0824107
1 0.939847 0.0601526
1 0.55145 0.44855
1 0.837437 0.162563
2 0.257896 0.742104
2 0.0528223 0.947178
2 0.0320368 0.967963
2 0.0101417 0.989858
2 0.00476375 0.995236
2 0.0420705 0.957929
2 0.0939155 0.906084
2 0.355416 0.644584
1 0.641343 0.358657
1 0.814859 0.185141
1 0.690768 0.309232
1 0.559569 0.440431
2 0.00906635 0.990934
2 0.132867 0.867133
2 0.187929 0.812071
2 0.065711 0.934289
2 0.00791031 0.99209
2 0.0143662 0.985634
2 0.00175886 0.998241
2 0.0571877 0.942812
2 0.00889462 0.991105
2 0.0390128 0.960987
2 0.00246189 0.997538
2 0.00426964 0.99573
2 0.0384507 0.961549
2 0.00304575 0.996954
2 0.0236412 0.976359
2 0.0252684 0.974732
2 0.00753766 0.992462
2 0.00161291 0.998387
2 0.0637252 0.936275
2 0.0103688 0.989631
2 0.0158465 0.984153
2 0.00122088 0.998779
2 0.00591737 0.994083
2 0.0110288 0.988971
2 0.00457987 0.99542
2 0.00732396 0.992676
2 0.0152907 0.984709
2 0.0515051 0.948495
2 0.0322984 0.967702
2 0.0380646 0.961935
2 0.101322 0.898678
2 0.0119523 0.988048
1 0.657217 0.342783
2 0.0404558 0.959544
2 0.00481786 0.995182
2 0.000970916 0.999029
2 0.00495421 0.995046
2 0.00396012 0.99604
2 0.0048837 0.995116
2 0.00713228 0.992868
2 0.00589295 0.994107
2 0.00528612 0.994714
2 0.0325655 0.967434
2 0.00547891 0.994521
2 0.0103384 0.989662
2 0.00438287 0.995617
2 0.0040061 0.995994
2 0.0474369 0.952563
2 0.0416014 0.958399
2 0.0352174 0.964783
2 0.245111 0.754889
2 0.0974634 0.902537
2 0.0236712 0.976329
2 0.0285163 0.971484
2 0.00864813 0.991352
2 0.0824986 0.917501
2 0.0261045 0.973895
2 0.0178078 0.982192
2 0.00671695 0.993283
2 0.000908993 0.999091
2 0.00558632 0.994414
2 0.00979065 0.990209
2 0.0243005 0.975699
2 0.00371204 0.996288
2 0.00399299 0.996007
2 0.018866 0.981134
2 0.00957365 0.990426
2 0.0356481 0.964352
2 0.00482834 0.995172
2 0.337853 0.662147
1 0.714687 0.285313
1 0.722091 0.277909
2 0.0748392 0.925161
2 0.000692704 0.999307
2 0.0416387 0.958361
2 0.0749022 0.925098
1 0.770277 0.229723
1 0.86352 0.13648
2 0.298409 0.701591
2 0.163133 0.836867
2 0.492618 0.507382
2 0.192915 0.807085
2 0.143927 0.856073
2 0.00104806 0.998952
2 0.0120185 0.987981
2 0.15529 0.84471
2 0.0218997 0.9781
2 0.00765932 0.992341
2 0.0377429 0.962257
2 0.152236 0.847764
2 0.221159 0.778841
2 0.00474386 0.995256
2 0.023138 0.976862
2 0.0860349 0.913965
2 0.00234439 0.997656
2 0.0383463 0.961654
2 0.00900241 0.990998
2 0.00546524 0.994535
2 0.0102061 0.989794
2 0.0895283 0.910472
2 0.00293165 0.997068
2 0.00686275 0.993137
2 0.00892289 0.991077
2 0.0827135 0.917287
2 0.125446 0.874554
2 0.0835717 0.916428
2 0.0301318 0.969868
2 0.0431081 0.956892
2 0.00939881 0.990601
2 0.00996991 0.99003
2 0.00557717 0.994423
2 0.025019 0.974981
2 0.0303543 0.969646
2 0.0765906 0.923409
2 0.00576652 0.994233
2 0.00380726 0.996193
2 0.00146535 0.998535
2 0.00808827 0.991912
2 0.00948475 0.990515
2 0.16779 0.83221
2 0.00197303 0.998027
2 0.00827181 0.991728
2 0.0119928 0.988007
2 0.00509579 0.994904
2 0.00751188 0.992488
2 0.0436008 0.956399
2 0.0100572 0.989943
2 0.00075599 0.999244
2 0.0113316 0.988668
2 0.00357294 0.996427
2 0.0120513 0.987949
2 0.107277 0.892723
2 0.044462 0.955538
2 0.0800975 0.919902
2 0.0653197 0.93468
2 0.0212364 0.978764
2 0.238592 0.761408
2 0.00838911 0.991611
1 0.58259 0.41741
2 0.0596199 0.94038
2 0.0903431 0.909657
2 0.059715 0.940285
2 0.129097 0.870903
2 0.0254076 0.974592
2 0.0128507 0.987149
2 0.0197325 0.980268
2 0.0430336 0.956966
2 0.137611 0.862389
2 0.0616368 0.938363
2 0.41904 0.58096
1 0.872678 0.127322
2 0.0156959 0.984304
2 0.169366 0.830634
2 0.262925 0.737075
2 0.0712098 0.92879
2 0.181837 0.818163
2 0.143206 0.856794
2 0.0142222 0.985778
2 0.0205484 0.979452
2 0.00735861 0.992641
2 0.0159507 0.984049
2 0.00623973 0.99376
2 0.00435341 0.995647
2 0.00655482 0.993445
2 0.00337706 0.996623
2 0.00400857 0.995991
2 0.0351366 0.964863
2 0.336551 0.663449
2 0.207528 0.792472
2 0.0147128 0.985287
1 0.567301 0.432699
2 0.327585 0.672415
2 0.315211 0.684789
2 0.0149052 0.985095
2 0.00414964 0.99585
2 0.000356286 0.999644
2 0.00788128 0.992119
2 0.022207 0.977793
2 0.046614 0.953386
2 0.0033216 0.996678
2 0.00414003 0.99586
2 0.0551079 0.944892
2 0.0321516 0.967848
2 0.00506376 0.994936
2 0.0100372 0.989963
2 0.149127 0.850873
2 0.00497352 0.995026
2 0.0392861 0.960714
2 0.0115476 0.988452
2 0.00695649 0.993044
2 0.0131076 0.986892
2 0.0438662 0.956134
2 0.0211299 0.97887
2 0.00562853 0.994371
2 0.0391184 0.960882
2 0.0841933 0.915807
2 0.084055 0.915945
2 0.0318138 0.968186
2 0.0199924 0.980008
2 0.054142 0.945858
2 0.0309615 0.969039
2 0.00468603 0.995314
2 0.0067243 0.993276
2 0.00983347 0.990167
2 0.00892095 0.991079
2 0.00477397 0.995226
2 0.0286822 0.971318
2 0.0535443 0.946456
2 0.0816341 0.918366
2 0.42226 0.57774
2 0.0518674 0.948133
2 0.00868954 0.99131
2 0.0237328 0.976267
2 0.0223661 0.977634
2 0.0237479 0.976252
2 0.029861 0.970139
1 0.512852 0.487148
1 0.90295 0.0970503
2 0.391664 0.608336
2 0.0445276 0.955472
2 0.01432 0.98568
2 0.00627109 0.993729
2 0.0149794 0.985021
2 0.0955092 0.904491
2 0.0368701 0.96313
2 0.0316116 0.968388
2 0.04082 0.95918
2 0.0442771 0.955723
2 0.041762 0.958238
2 0.0200391 0.979961
2 0.00946995 0.99053
2 0.0285477 0.971452
2 0.0240732 0.975927
2 0.0204791 0.979521
2 0.0422071 0.957793
2 0.0929399 0.90706
2 0.110366 0.889634
2 0.0923313 0.907669
2 0.0287661 0.971234
2 0.00456701 0.995433
2 0.00728723 0.992713
2 0.00680515 0.993195
2 0.0122134 0.987787
2 0.0174114 0.982589
2 0.0133371 0.986663
2 0.161093 0.838907
1 0.609924 0.390076
1 0.931561 0.0684391
1 0.753786 0.246214
2 0.0810618 0.918938
2 0.0710225 0.928978
2 0.123719 0.876281
2 0.302386 0.697614
2 0.2003 0.7997
2 0.124387 0.875613
1 0.727393 0.272607
2 0.12848 0.87152
2 0.0467583 0.953242
2 0.00383894 0.996161
2 0.0705418 0.929458
2 0.024487 0.975513
2 0.0115244 0.988476
2 0.107366 0.892634
2 0.260226 0.739774
1 0.518916 0.481084
2 0.0080672 0.991933
2 0.00521642 0.994784
2 0.0155427 0.984457
2 0.00585554 0.994144
2 0.0017646 0.998235
2 0.00800842 0.991992
2 0.0296628 0.970337
2 0.187896 0.812104
2 0.196764 0.803236
2 0.0371807 0.962819
2 0.103378 0.896622
2 0.00824312 0.991757
2 0.0289385 0.971061
2 0.054624 0.945376
2 0.0691245 0.930875
2 0.0848889 0.915111
2 0.0241456 0.975854
2 0.012114 0.987886
2 0.0667663 0.933234
2 0.00922851 0.990771
2 0.0170428 0.982957
2 0.00623242 0.993768
2 0.0206908 0.979309
2 0.105305 0.894695
2 0.0565169 0.943483
2 0.276016 0.723984
2 0.0559779 0.944022
2 0.0243565 0.975644
2 0.137933 0.862067
2 0.0880204 0.91198
2 0.436912 0.563088
2 0.0230777 0.976922
2 0.0177643 0.982236
2 0.00383997 0.99616
2 0.0151053 0.984895
2 0.00528451 0.994715
2 0.304906 0.695094
1 0.563582 0.436418
2 0.431341 0.568659
1 0.767363 0.232637
2 0.0232749 0.976725
2 0.00962722 0.990373
2 0.0181611 0.981839
2 0.0300557 0.969944
2 0.00710656 0.992893
2 0.00882073 0.991179
2 0.00820405 0.991796
2 0.0916272 0.908373
2 0.112703 0.887297
1 0.507312 0.492688
1 0.570485 0.429515
2 0.416217 0.583783
2 0.00522809 0.994772
2 0.00177292 0.998227
2 0.00454611 0.995454
2 0.0673869 0.932613
2 0.0882916 0.911708
2 0.119002 0.880998
2 0.0599295 0.94007
2 0.17519 0.82481
2 0.16001 0.83999
2 0.0747531 0.925247
2 0.0356921 0.964308
2 0.112581 0.887419
2 0.275848 0.724152
2 0.268227 0.731773
2 0.0334744 0.966526
2 0.00775563 0.992244
2 0.110681 0.889319
2 0.396178 0.603822
2 0.03996 0.96004
2 0.198443 0.801557
2 0.254551 0.745449
2 0.0572364 0.942764
1 0.548105 0.451895
1 0.513426 0.486574
1 0.838635 0.161365
1 0.640406 0.359594
2 0.217238 0.782762
2 0.458312 0.541688
2 0.0145236 0.985476
2 0.0466046 0.953395
1 0.731943 0.268057
1 0.725802 0.274198
1 0.526975 0.473025
2 0.185337 0.814663
2 0.207768 0.792232
2 0.0177906 0.982209
2 0.0484482 0.951552
2 0.170547 0.829453
2 0.0205326 0.979467
2 0.00574855 0.994251
2 0.0841323 0.915868
2 0.0511899 0.94881
2 0.0973723 0.902628
2 0.0645955 0.935404
2 0.101453 0.898547
2 0.267757 0.732243
2 0.208949 0.791051
2 0.101229 0.898771
2 0.393044 0.606956
2 0.178829 0.821171
2 0.0348941 0.965106
2 0.0591797 0.94082
2 0.115742 0.884258
2 0.161214 0.838786
2 0.049117 0.950883
2 0.078716 0.921284
2 0.468586 0.531414
2 0.159673 0.840327
2 0.0308444 0.969156
2 0.0169885 0.983011
2 0.165151 0.834849
2 0.0157237 0.984276
2 0.0212082 0.978792
2 0.106237 0.893763
2 0.0112621 0.988738
2 0.176273 0.823727
2 0.0762533 0.923747
2 0.281781 0.718219
2 0.268296 0.731704
2 0.125007 0.874993
2 0.0292776 0.970722
2 0.124719 0.875281
2 0.483663 0.516337
2 0.452629 0.547371
2 0.348878 0.651122
2 0.167023 0.832977
2 0.100378 0.899622
2 0.0516895 0.94831
2 0.246513 0.753487
2 0.0141871 0.985813
2 0.0118245 0.988176
2 0.0942133 0.905787
2 0.107393 0.892607
2 0.00661166 0.993388
2 0.0188847 0.981115
2 0.0166127 0.983387
2 0.0763201 0.92368
2 0.0169296 0.98307
2 0.0389562 0.961044
2 0.0389181 0.961082
2 0.217483 0.782517
2 0.115353 0.884647
2 0.0232839 0.976716
2 0.016531 0.983469
1 0.552613 0.447387
2 0.176262 0.823738
2 0.0561644 0.943836
2 0.134496 0.865504
2 0.0139492 0.986051
2 0.0110148 0.988985
2 0.09133 0.90867
2 0.238638 0.761362
2 0.0378493 0.962151
2 0.0817521 0.918248
2 0.0440153 0.955985
2 0.103043 0.896957
2 0.304556 0.695444
2 0.0720803 0.92792
1 0.646412 0.353588
2 0.255183 0.744817
2 0.130273 0.869727
2 0.0105889 0.989411
2 0.0277237 0.972276
2 0.209311 0.790689
2 0.00249115 0.997509
2 0.0144913 0.985509
2 0.0538449 0.946155
2 0.401856 0.598144
2 0.277329 0.722671
2 0.00984279 0.990157
2 0.00713012 0.99287
2 0.0157403 0.98426
2 0.00467137 0.995329
2 0.00679245 0.993208
2 0.0714017 0.928598
2 0.0918471 0.908153
2 0.234597 0.765403
2 0.119934 0.880066
2 0.129124 0.870876
2 0.00461079 0.995389
2 0.0143649 0.985635
2 0.0234834 0.976517
2 0.0773643 0.922636
2 0.0193049 0.980695
2 0.115013 0.884987
2 0.0428271 0.957173
2 0.0543983 0.945602
2 0.262147 0.737853
1 0.983344 0.016656
1 0.989641 0.0103594
1 0.632839 0.367161
2 0.0130591 0.986941
2 0.00375475 0.996245
2 0.00757649 0.992424
2 0.0356606 0.964339
2 0.111167 0.888833
2 0.27907 0.72093
2 0.0436946 0.956305
2 0.140556 0.859444
2 0.131442 0.868558
2 0.0622703 0.93773
2 0.00144625 0.998554
2 0.048451 0.951549
2 0.00737379 0.992626
2 0.0712084 0.928792
2 0.00741312 0.992587
2 0.00468729 0.995313
2 0.00917009 0.99083
2 0.00685717 0.993143
2 0.057569 0.942431
2 0.0272413 0.972759
2 0.0448583 0.955142
2 0.188145 0.811855
2 0.0672167 0.932783
2 0.0521304 0.94787
2 0.053864 0.946136
2 0.042702 0.957298
2 0.00572032 0.99428
2 0.0295019 0.970498
2 0.0903029 0.909697
2 0.0227061 0.977294
2 0.0522333 0.947767
2 0.0745172 0.925483
2 0.0423628 0.957637
2 0.085797 0.914203
2 0.0590811 0.940919
2 0.0388891 0.961111
2 0.0431332 0.956867
2 0.00417177 0.995828
2 0.00614629 0.993854
2 0.0222643 0.977736
2 0.114027 0.885973
2 0.0363161 0.963684
1 0.635077 0.364923
1 0.972077 0.0279226
1 0.865681 0.134319
2 0.0517449 0.948255
2 0.117215 0.882785
2 0.0224425 0.977557
2 0.0347836 0.965216
2 0.00641264 0.993587
2 0.0564868 0.943513
2 0.0146056 0.985394
2 0.362892 0.637108
1 0.980477 0.0195226
1 0.93248 0.0675202
1 0.51244 0.48756
2 0.0085853 0.991415
2 0.0312253 0.968775
2 0.00892139 0.991079
2 0.173047 0.826953
1 0.867928 0.132072
1 0.723573 0.276427
1 0.760285 0.239715
2 0.0359778 0.964022
2 0.024596 0.975404
2 0.00904172 0.990958
2 0.0622811 0.937719
2 0.0344609 0.965539
2 0.0205039 0.979496
2 0.00604976 0.99395
2 0.0032608 0.996739
2 0.00168926 0.998311
2 0.00290968 0.99709
2 0.00396141 0.996039
2 0.0188678 0.981132
2 0.0183641 0.981636
2 0.0227693 0.977231
2 0.058217 0.941783
2 0.0210456 0.978954
2 0.00552175 0.994478
2 0.00108889 0.998911
2 0.106726 0.893274
2 0.013526 0.986474
2 0.0762178 0.923782
2 0.00503646 0.994964
2 0.014962 0.985038
2 0.0129785 0.987022
2 0.0445849 0.955415
2 0.027389 0.972611
2 0.00208994 0.99791
2 0.00239743 0.997603
2 0.00594646 0.994054
2 0.0214147 0.978585
2 0.0151213 0.984879
2 0.00497003 0.99503
2 0.00527156 0.994728
2 0.00193202 0.998068
2 0.00657305 0.993427
2 0.00258112 0.997419
2 0.00178914 0.998211
2 0.00235981 0.99764
2 0.00724359 0.992756
2 0.00766908 0.992331
2 0.00208168 0.997918
2 0.0504511 0.949549
2 0.194657 0.805343
2 0.0542821 0.945718
2 0.00446662 0.995533
2 0.00192659 0.998073
2 0.0867901 0.91321
2 0.0245383 0.975462
2 0.0196566 0.980343
2 0.289546 0.710454
2 0.0275282 0.972472
2 0.0058705 0.994129
2 0.0982091 0.901791
2 0.042067 0.957933
2 0.0301833 0.969817
2 0.0119759 0.988024
2 0.0581202 0.94188
2 0.154743 0.845257
2 0.0140269 0.985973
2 0.0118071 0.988193
2 0.00129116 0.998709
2 0.0110912 0.988909
2 0.0140417 0.985958
2 0.00604548 0.993955
2 0.01031 0.98969
2 0.108294 0.891706
2 0.099149 0.900851
2 0.389318 0.610682
2 0.22872 0.77128
2 0.0297917 0.970208
2 0.0242936 0.975706
2 0.0794565 0.920544
2 0.107843 0.892157
2 0.0704045 0.929596
2 0.0305953 0.969405
2 0.00908862 0.990911
2 0.164295 0.835705
2 0.222005 0.777995
1 0.898069 0.101931
2 0.0554125 0.944587
2 0.0158567 0.984143
2 0.0116767 0.988323
2 0.0546224 0.945378
2 0.0207976 0.979202
2 0.0521955 0.947805
2 0.0427502 0.95725
2 0.046755 0.953245
2 0.0131721 0.986828
2 0.0393104 0.96069
2 0.317299 0.682701
2 0.454694 0.545306
2 0.01449 0.98551
2 0.0495927 0.950407
2 0.30779 0.69221
2 0.246607 0.753393
2 0.202658 0.797342
2 0.496259 0.503741
2 0.234185 0.765815
2 0.0793587 0.920641
2 0.280628 0.719372
2 0.274543 0.725457
2 0.235975 0.764025
2 0.0258045 0.974195
2 0.30062 0.69938
1 0.858373 0.141627
2 0.211359 0.788641
2 0.142683 0.857317
1 0.654026 0.345974
2 0.162224 0.837776
2 0.228179 0.771821
2 0.0191223 0.980878
2 0.0143213 0.985679
2 0.0747193 0.925281
2 0.0919907 0.908009
2 0.0459446 0.954055
2 0.0282341 0.971766
2 0.130177 0.869823
2 0.0239124 0.976088
2 0.141535 0.858465
2 0.0365154 0.963485
2 0.0274231 0.972577
2 0.0492053 0.950795
2 0.0256313 0.974369
2 0.0296263 0.970374
2 0.139246 0.860754
2 0.017276 0.982724
2 0.0171629 0.982837
2 0.195886 0.804114
2 0.0307222 0.969278
2 0.00556676 0.994433
2 0.0270298 0.97297
2 0.0228263 0.977174
2 0.123315 0.876685
2 0.106159 0.893841
2 0.0759947 0.924005
2 0.162811 0.837189
2 0.334421 0.665579
2 0.0520238 0.947976
2 0.0570068 0.942993
2 0.298564 0.701436
2 0.449624 0.550376
1 0.984383 0.015617
1 0.663391 0.336609
1 0.862429 0.137571
1 0.731909 0.268091
2 0.10051 0.89949
2 0.0994304 0.90057
2 0.212078 0.787922
2 0.247634 0.752366
2 0.0361649 0.963835
2 0.111743 0.888257
2 0.0770368 0.922963
2 0.329337 0.670663
2 0.0187217 0.981278
2 0.349123 0.650877
2 0.0640671 0.935933
2 0.0393503 0.96065
2 0.00388395 0.996116
2 0.139758 0.860242
2 0.228124 0.771876
2 0.122185 0.877815
2 0.00754702 0.992453
2 0.0928918 0.907108
1 0.966981 0.0330186
1 0.869178 0.130822
2 0.387541 0.612459
2 0.217092 0.782908
1 0.615797 0.384203
1 0.845141 0.154859
1 0.876554 0.123446
1 0.668526 0.331474
1 0.846989 0.153011
1 0.505494 0.494506
2 0.0123696 0.98763
2 0.00638768 0.993612
2 0.248618 0.751382
1 0.702006 0.297994
2 0.383331 0.616669
2 0.0230202 0.97698
2 0.0103896 0.98961
2 0.00241708 0.997583
2 0.185638 0.814362
2 0.366877 0.633123
2 0.427556 0.572444
2 0.0639704 0.93603
2 0.0373227 0.962677
2 0.0237608 0.976239
2 0.0134658 0.986534
2 0.0550573 0.944943
2 0.0197735 0.980226
2 0.0885532 0.911447
2 0.0583758 0.941624
2 0.0890634 0.910937
1 0.956923 0.0430768
1 0.678544 0.321456
2 0.44535 0.55465
2 0.0570003 0.943
2 0.0430345 0.956966
2 0.138331 0.861669
2 0.11629 0.88371
1 0.662994 0.337006
1 0.943472 0.0565281
1 0.741486 0.258514
2 0.163485 0.836515
2 0.17508 0.82492
2 0.0463709 0.953629
2 0.326167 0.673833
2 0.0572664 0.942734
2 0.127077 0.872923
1 0.861416 0.138584
2 0.425926 0.574074
2 0.142182 0.857818
2 0.129774 0.870226
2 0.173874 0.826126
2 0.455769 0.544231
2 0.109189 0.890811
2 0.012018 0.987982
1 0.683053 0.316947
1 0.865003 0.134997
1 0.761272 0.238728
2 0.413538 0.586462
2 0.313361 0.686639
2 0.100812 0.899188
2 0.470759 0.529241
2 0.172265 0.827735
2 0.0664486 0.933551
2 0.0266251 0.973375
2 0.021377 0.978623
1 0.527491 0.472509
2 0.281737 0.718263
1 0.759933 0.240067
2 0.472378 0.527622
1 0.862136 0.137864
1 0.764353 0.235647
2 0.0905722 0.909428
2 0.0737027 0.926297
2 0.263066 0.736934
2 0.355276 0.644724
2 0.0859331 0.914067
1 0.520303 0.479697
2 0.127623 0.872377
1 0.507991 0.492009
1 0.616681 0.383319
2 0.213323 0.786677
2 0.102073 0.897927
1 0.713265 0.286735
2 0.172337 0.827663
2 0.0353337 0.964666
1 0.658696 0.341304
1 0.831924 0.168076
1 0.836581 0.163419
2 0.153648 0.846352
2 0.173356 0.826644
1 0.884416 0.115584
1 0.976162 0.0238376
1 0.946845 0.0531551
2 0.37703 0.62297
1 0.617122 0.382878
1 0.586634 0.413366
2 0.267826 0.732174
2 0.0912691 0.908731
1 0.58411 0.41589
2 0.417956 0.582044
2 0.436859 0.563141
2 0.375821 0.624179
1 0.528983 0.471017
2 0.146821 0.853179
1 0.504438 0.495562
2 0.105723 0.894277
2 0.0203204 0.97968
2 0.0258521 0.974148
2 0.0636199 0.93638
2 0.357064 0.642936
1 0.975519 0.0244809
1 0.670537 0.329463
1 0.789096 0.210904
2 0.0688688 0.931131
2 0.0986693 0.901331
2 0.0103652 0.989635
1 0.583177 0.416823
1 0.794373 0.205627
1 0.998197 0.00180264
1 0.992736 0.00726373
1 0.847174 0.152826
2 0.260369 0.739631
2 0.460927 0.539073
2 0.0859503 0.91405
2 0.0747933 0.925207
2 0.308409 0.691591
1 0.629366 0.370634
1 0.50703 0.49297
1 0.947673 0.052327
1 0.592006 0.407994
2 0.193887 0.806113
2 0.117912 0.882088
2 0.149074 0.850926
2 0.438803 0.561197
2 0.0802169 0.919783
1 0.600197 0.399803
2 0.164606 0.835394
2 0.265826 0.734174
1 0.911863 0.0881367
1 0.73049 0.26951
2 0.246561 0.753439
2 0.174415 0.825585
2 0.225471 0.774529
2 0.207219 0.792781
2 0.380649 0.619351
1 0.81303 0.18697
1 0.64773 0.35227
1 0.550802 0.449198
2 0.075308 0.924692
2 0.0119442 0.988056
2 0.30025 0.69975
2 0.26038 0.73962
2 0.0407743 0.959226
2 0.054509 0.945491
2 0.011542 0.988458
2 0.0874526 0.912547
2 0.0499127 0.950087
2 0.309698 0.690302
2 0.235667 0.764333
2 0.331519 0.668481
1 0.691764 0.308236
1 0.58428 0.41572
2 0.434251 0.565749
1 0.517831 0.482169
2 0.1808 0.8192
2 0.391962 0.608038
1 0.721903 0.278097
2 0.0307093 0.969291
2 0.104694 0.895306
2 0.431431 0.568569
1 0.727874 0.272126
2 0.435884 0.564116
2 0.171486 0.828514
1 0.626197 0.373803
1 0.85343 0.14657
1 0.795107 0.204893
2 0.155653 0.844347
2 0.0324916 0.967508
2 0.0304066 0.969593
2 0.0371781 0.962822
1 0.635749 0.364251
2 0.266435 0.733565
2 0.0351423 0.964858
2 0.48933 0.51067
1 0.575126 0.424874
1 0.63763 0.36237
1 0.765525 0.234475
1 0.871712 0.128288
1 0.996812 0.00318801
1 0.989296 0.0107038
1 0.955937 0.044063
1 0.817232 0.182768
2 0.0609213 0.939079
2 0.392645 0.607355
2 0.16236 0.83764
2 0.103133 0.896867
2 0.0445316 0.955468
2 0.0182483 0.981752
2 0.115503 0.884497
2 0.119653 0.880347
1 0.818953 0.181047
1 0.769144 0.230856
1 0.647696 0.352304
2 0.400629 0.599371
2 0.224746 0.775254
2 0.0777798 0.92222
2 0.115067 0.884933
2 0.186243 0.813757
2 0.154976 0.845024
1 0.558639 0.441361
1 0.552485 0.447515
2 0.37136 0.62864
2 0.475507 0.524493
2 0.187499 0.812501
1 0.798538 0.201462
1 0.548115 0.451885
1 0.551309 0.448691
2 0.387308 0.612692
1 0.711556 0.288444
2 0.0215471 0.978453
2 0.0162754 0.983725
2 0.264672 0.735328
2 0.0858155 0.914185
2 0.155651 0.844349
2 0.0564612 0.943539
2 0.0271193 0.972881
2 0.036518 0.963482
2 0.00760286 0.992397
2 0.0238702 0.97613
2 0.0390787 0.960921
2 0.261391 0.738609
2 0.0251302 0.97487
2 0.0250189 0.974981
2 0.0581049 0.941895
2 0.0228022 0.977198
2 0.0701928 0.929807
2 0.244088 0.755912
2 0.0704754 0.929525
2 0.0546563 0.945344
2 0.169351 0.830649
2 0.413779 0.586221
2 0.0403825 0.959618
2 0.0480217 0.951978
2 0.0850253 0.914975
2 0.124519 0.875481
2 0.0964999 0.9035
2 0.0112226 0.988777
2 0.0394092 0.960591
2 0.249291 0.750709
2 0.346404 0.653596
1 0.872371 0.127629
1 0.954927 0.0450728
1 0.890102 0.109898
2 0.120138 0.879862
2 0.0434791 0.956521
2 0.0964715 0.903529
2 0.239813 0.760187
1 0.512806 0.487194
2 0.0493287 0.950671
2 0.344946 0.655054
2 0.310836 0.689164
2 0.207881 0.792119
2 0.12028 0.87972
2 0.0518189 0.948181
2 0.131826 0.868174
2 0.351687 0.648313
2 0.0435848 0.956415
2 0.215732 0.784268
2 0.0776846 0.922315
2 0.158732 0.841268
2 0.0829586 0.917041
2 0.282922 0.717078
2 0.0217735 0.978226
2 0.0185072 0.981493
2 0.174033 0.825967
2 0.0218844 0.978116
2 0.0187325 0.981267
2 0.0458679 0.954132
2 0.0900717 0.909928
2 0.0764438 0.923556
2 0.0720584 0.927942
2 0.196113 0.803887
2 0.156575 0.843425
2 0.0735121 0.926488
2 0.0503105 0.949689
2 0.0382208 0.961779
2 0.0945697 0.90543
2 0.0549549 0.945045
2 0.00754986 0.99245
2 0.0149109 0.985089
2 0.0362214 0.963779
2 0.0604769 0.939523
2 0.0153542 0.984646
2 0.0257103 0.97429
2 0.0213551 0.978645
2 0.01467 0.98533
2 0.0747669 0.925233
2 0.0538898 0.94611
2 0.0356168 0.964383
2 0.245552 0.754448
2 0.0685652 0.931435
2 0.210359 0.789641
2 0.402062 0.597938
2 0.263531 0.736469
2 0.427617 0.572383
2 0.42338 0.57662
2 0.084146 0.915854
2 0.00759692 0.992403
2 0.0086464 0.991354
2 0.0411824 0.958818
2 0.172582 0.827418
2 0.0691073 0.930893
2 0.378098 0.621902
2 0.254681 0.745319
2 0.0405943 0.959406
2 0.0183438 0.981656
2 0.0545333 0.945467
2 0.0778717 0.922128
2 0.112965 0.887035
2 0.0680601 0.93194
2 0.0167534 0.983247
2 0.00168139 0.998319
2 0.00356784 0.996432
2 0.0386688 0.961331
2 0.0157777 0.984222
2 0.11537 0.88463
2 0.0236671 0.976333
2 0.0615251 0.938475
2 0.0318271 0.968173
2 0.0625724 0.937428
2 0.038477 0.961523
2 0.0411529 0.958847
2 0.0359834 0.964017
2 0.0960138 0.903986
2 0.0116326 0.988367
2 0.109455 0.890545
2 0.0587611 0.941239
2 0.00796317 0.992037
2 0.0211796 0.97882
2 0.0205402 0.97946
2 0.0111635 0.988836
2 0.00305395 0.996946
2 0.00519113 0.994809
2 0.00315752 0.996842
2 0.0271472 0.972853
2 0.0153463 0.984654
2 0.0871045 0.912896
2 0.0251108 0.974889
2 0.0338371 0.966163
2 0.031756 0.968244
2 0.00635257 0.993647
2 0.0119589 0.988041
2 0.0433194 0.956681
2 0.0204963 0.979504
2 0.0228188 0.977181
2 0.00828331 0.991717
2 0.0315893 0.968411
2 0.0787826 0.921217
2 0.223632 0.776368
2 0.13506 0.86494
2 0.0240582 0.975942
2 0.0888326 0.911167
2 0.374502 0.625498
2 0.115789 0.884211
2 0.00639034 0.99361
2 0.011615 0.988385
2 0.00570598 0.994294
2 0.140755 0.859245
2 0.0704225 0.929578
2 0.0499482 0.950052
2 0.154083 0.845917
2 0.0302712 0.969729
2 0.0145112 0.985489
2 0.00153033 0.99847
2 0.00435199 0.995648
2 0.00576114 0.994239
2 0.0136718 0.986328
2 0.00253972 0.99746
2 0.00816572 0.991834
2 0.00322111 0.996779
2 0.0225403 0.97746
2 0.0354958 0.964504
2 0.155551 0.844449
2 0.0211486 0.978851
2 0.00487147 0.995129
2 0.000809252 0.999191
2 0.000618831 0.999381
2 0.00195549 0.998045
2 0.000983133 0.999017
2 0.0184304 0.98157
2 0.00777519 0.992225
2 0.00330794 0.996692
2 0.00148546 0.998515
2 0.00103657 0.998963
2 0.00145967 0.99854
2 0.0189528 0.981047
2 0.0371203 0.96288
2 0.403701 0.596299
1 0.505994 0.494006
2 0.0903595 0.909641
2 0.00924553 0.990754
2 0.00197441 0.998026
2 0.000625282 0.999375
2 0.00762235 0.992378
2 0.00907508 0.990925
2 0.0106709 0.989329
2 0.0117842 0.988216
2 0.00874729 0.991253
2 0.0169885 0.983012
2 0.015881 0.984119
2 0.0394635 0.960537
2 0.00261168 0.997388
2 0.00337767 0.996622
2 0.00246935 0.997531
2 0.00492986 0.99507
2 0.0117752 0.988225
2 0.0160962 0.983904
2 0.00179355 0.998206
2 0.00124502 0.998755
2 0.00760027 0.9924
2 0.0257763 0.974224
2 0.0033863 0.996614
2 0.0245658 0.975434
2 0.205205 0.794795
2 0.401497 0.598503
2 0.144953 0.855047
2 0.022897 0.977103
2 0.0175602 0.98244
2 0.00524983 0.99475
2 0.000706576 0.999293
2 0.000772727 0.999227
2 0.0052651 0.994735
2 0.0190023 0.980998
2 0.00401363 0.995986
2 0.018283 0.981717
2 0.0131165 0.986884
2 0.0769991 0.923001
2 0.0151662 0.984834
2 0.0239824 0.976018
2 0.0350298 0.96497
2 0.00851036 0.99149
2 0.0034075 0.996593
2 0.00960778 0.990392
2 0.0377443 0.962256
2 0.031151 0.968849
2 0.0177682 0.982232
2 0.0723588 0.927641
2 0.0436975 0.956302
2 0.0590541 0.940946
2 0.080281 0.919719
2 0.0860878 0.913912
2 0.00152676 0.998473
2 0.0100499 0.98995
2 0.040327 0.959673
2 0.069587 0.930413
2 0.0745659 0.925434
2 0.00946569 0.990534
2 0.0419145 0.958085
2 0.0549465 0.945053
2 0.0101269 0.989873
2 0.072453 0.927547
2 0.0533022 0.946698
2 0.0392599 0.96074
2 0.0126414 0.987359
2 0.117394 0.882606
2 0.0799233 0.920077
2 0.225868 0.774132
2 0.0465234 0.953477
2 0.0844853 0.915515
2 0.144603 0.855397
2 0.118984 0.881016
2 0.1769 0.8231
2 0.394152 0.605848
2 0.163035 0.836965
2 0.0439838 0.956016
2 0.0297605 0.97024
2 0.0583405 0.94166
2 0.0554264 0.944574
2 0.0747953 0.925205
2 0.0274408 0.972559
2 0.0214368 0.978563
2 0.306098 0.693902
2 0.0200741 0.979926
2 0.0492696 0.95073
2 0.0632579 0.936742
2 0.00727058 0.992729
2 0.100605 0.899395
2 0.00870213 0.991298
2 0.0191866 0.980813
2 0.0263229 0.973677
2 0.0289268 0.971073
2 0.0120369 0.987963
2 0.184582 0.815418
2 0.0867563 0.913244
2 0.218606 0.781394
2 0.0182957 0.981704
2 0.00808055 0.991919
2 0.0275172 0.972483
2 0.0347377 0.965262
2 0.0015172 0.998483
2 0.0841579 0.915842
2 0.102713 0.897287
2 0.0544197 0.94558
2 0.103215 0.896785
2 0.072324 0.927676
2 0.067989 0.932011
2 0.260924 0.739076
2 0.0985694 0.901431
2 0.287247 0.712753
2 0.291626 0.708374
2 0.152488 0.847512
2 0.0738145 0.926186
2 0.0908781 0.909122
2 0.0702131 0.929787
2 0.0257708 0.974229
2 0.207456 0.792544
2 0.407106 0.592894
2 0.394371 0.605629
2 0.0624402 0.93756
2 0.109644 0.890356
1 0.689836 0.310164
2 0.211234 0.788766
2 0.149292 0.850708
2 0.0456124 0.954388
2 0.0793218 0.920678
1 0.525305 0.474695
2 0.306857 0.693143
2 0.29242 0.70758
1 0.969915 0.0300855
1 0.983919 0.0160808
1 0.91009 0.0899099
2 0.172313 0.827687
2 0.0678368 0.932163
2 0.0441985 0.955801
2 0.027854 0.972146
2 0.0476074 0.952393
2 0.0741777 0.925822
2 0.00371542 0.996285
2 0.0274919 0.972508
2 0.191449 0.808551
1 0.525181 0.474819
2 0.152839 0.847161
2 0.145003 0.854997
2 0.00822177 0.991778
2 0.440448 0.559552
2 0.0461882 0.953812
2 0.145988 0.854012
2 0.00828561 0.991714
2 0.0632062 0.936794
2 0.0842736 0.915726
2 0.133501 0.866499
2 0.0532221 0.946778
2 0.0883173 0.911683
2 0.0571001 0.9429
2 0.0383991 0.961601
2 0.334193 0.665807
2 0.2115 0.7885
1 0.586749 0.413251
2 0.137573 0.862427
2 0.0876365 0.912363
2 0.160382 0.839618
2 0.0289784 0.971022
2 0.0271852 0.972815
2 0.00285134 0.997149
2 0.0169569 0.983043
1 0.515302 0.484698
2 0.0184696 0.98153
2 0.00506922 0.994931
2 0.0371116 0.962888
2 0.035519 0.964481
2 0.000625279 0.999375
2 0.100404 0.899596
2 0.363545 0.636455
2 0.276538 0.723462
2 0.404283 0.595717
2 0.029692 0.970308
2 0.00719422 0.992806
2 0.0239802 0.97602
2 0.122945 0.877055
2 0.0185606 0.981439
2 0.0782223 0.921778
2 0.0639182 0.936082
2 0.00706765 0.992932
2 0.214681 0.785319
2 0.202487 0.797513
2 0.0232656 0.976734
2 0.0151961 0.984804
2 0.0505977 0.949402
2 0.0522698 0.94773
2 0.0650127 0.934987
2 0.483314 0.516686
2 0.345602 0.654398
2 0.444102 0.555898
2 0.0797065 0.920294
2 0.126337 0.873663
2 0.138637 0.861363
2 0.216075 0.783925
2 0.138047 0.861953
2 0.205855 0.794145
2 0.249392 0.750608
2 0.176833 0.823167
2 0.0495121 0.950488
2 0.34079 0.65921
2 0.00887126 0.991129
2 0.473751 0.526249
2 0.426777 0.573223
1 0.525633 0.474367
2 0.0370076 0.962992
2 0.182997 0.817003
2 0.00838151 0.991618
2 0.436241 0.563759
2 0.270889 0.729111
2 0.385573 0.614427
2 0.0323198 0.96768
2 0.0230718 0.976928
2 0.0828318 0.917168
2 0.108141 0.891859
2 0.051555 0.948445
2 0.0208751 0.979125
2 0.0162 0.9838
2 0.0488738 0.951126
2 0.0317978 0.968202
2 0.00586126 0.994139
2 0.127941 0.872059
2 0.148842 0.851158
2 0.00184917 0.998151
2 0.0185833 0.981417
2 0.0498134 0.950187
2 0.109911 0.890089
2 0.0770528 0.922947
2 0.198252 0.801748
2 0.212025 0.787975
2 0.344241 0.655759
1 0.897675 0.102325
1 0.744965 0.255035
2 0.052724 0.947276
2 0.00257451 0.997425
2 0.0791258 0.920874
2 0.039585 0.960415
2 0.0634542 0.936546
2 0.0932278 0.906772
2 0.0208923 0.979108
2 0.0483558 0.951644
1 0.711823 0.288177
2 0.373943 0.626057
2 0.375244 0.624756
2 0.0395449 0.960455
2 0.00455739 0.995443
2 0.00740279 0.992597
2 0.0374982 0.962502
2 0.0591825 0.940817
2 0.0554463 0.944554
2 0.0366277 0.963372
2 0.063439 0.936561
2 0.368172 0.631828
1 0.958112 0.0418876
1 0.573848 0.426152
2 0.158765 0.841235
2 0.0409927 0.959007
2 0.0972361 0.902764
2 0.0877793 0.912221
2 0.115527 0.884473
2 0.0371046 0.962895
2 0.0202999 0.9797
2 0.0332346 0.966765
2 0.0450646 0.954935
2 0.0250971 0.974903
2 0.0196374 0.980363
2 0.154552 0.845448
2 0.0737127 0.926287
1 0.908331 0.0916693
2 0.17975 0.82025
1 0.597168 0.402832
2 0.0190091 0.980991
2 0.0133799 0.98662
2 0.00253007 0.99747
2 0.0129419 0.987058
2 0.00898819 0.991012
2 0.139541 0.860459
2 0.0185578 0.981442
2 0.0583984 0.941602
2 0.0232054 0.976795
2 0.106104 0.893896
2 0.189197 0.810803
1 0.81745 0.18255
2 0.0629521 0.937048
2 0.0038235 0.996177
2 0.00834842 0.991652
2 0.00158465 0.998415
2 0.00662176 0.993378
2 0.0171177 0.982882
2 0.0261291 0.973871
2 0.00365275 0.996347
2 0.0445528 0.955447
2 0.0276426 0.972357
2 0.00534988 0.99465
2 0.00211348 0.997887
2 0.015256 0.984744
2 0.0179915 0.982008
2 0.0038814 0.996119
2 0.20997 0.79003
2 0.311431 0.688569
2 0.21789 0.78211
2 0.0186196 0.98138
2 0.0712004 0.9288
2 0.0236184 0.976382
2 0.00789029 0.99211
2 0.0325074 0.967493
2 0.00401367 0.995986
2 0.0112967 0.988703
2 0.00453109 0.995469
2 0.00568267 0.994317
2 0.00815758 0.991842
2 0.153505 0.846495
1 0.928891 0.071109
1 0.941838 0.0581619
2 0.0377655 0.962234
2 0.00628015 0.99372
2 0.00875912 0.991241
2 0.00105754 0.998942
2 0.0137697 0.98623
2 0.0161379 0.983862
2 0.00238891 0.997611
2 0.0249247 0.975075
2 0.0229315 0.977069
2 0.00126115 0.998739
2 0.00105811 0.998942
2 0.00274024 0.99726
2 0.0024005 0.997599
2 0.00250603 0.997494
2 0.0305581 0.969442
2 0.0264794 0.973521
2 0.00439046 0.99561
2 0.002167 0.997833
2 0.0336735 0.966327
2 0.0099771 0.990023
2 0.010518 0.989482
2 0.00408943 0.995911
2 0.00919981 0.9908
2 0.00391373 0.996086
2 0.0117694 0.988231
2 0.0595902 0.94041
2 0.00505493 0.994945
2 0.0130374 0.986963
2 0.0320867 0.967913
2 0.00483265 0.995167
2 0.0322964 0.967704
2 0.00158609 0.998414
2 0.000696808 0.999303
2 0.00161695 0.998383
2 0.000947089 0.999053
2 0.00367318 0.996327
2 0.00450949 0.995491
2 0.00105885 0.998941
2 0.00234134 0.997659
2 0.00528725 0.994713
2 0.00153041 0.99847
2 0.00321448 0.996786
2 0.0015402 0.99846
2 0.00119046 0.99881
2 0.00210876 0.997891
2 0.00096438 0.999036
2 0.0027676 0.997232
2 0.00626508 0.993735
2 0.000694919 0.999305
2 0.000723493 0.999277
2 0.00249904 0.997501
2 0.00269525 0.997305
2 0.00151708 0.998483
2 0.00176442 0.998236
2 0.000898208 0.999102
2 0.000579594 0.99942
2 0.00307456 0.996925
2 0.00117985 0.99882
2 0.00695273 0.993047
2 0.00229671 0.997703
2 0.00119931 0.998801
2 0.00356619 0.996434
2 0.0015071 0.998493
2 0.00296933 0.997031
2 0.00105073 0.998949
2 0.00074886 0.999251
2 0.00157232 0.998428
2 0.00181214 0.998188
2 0.00355079 0.996449
2 0.00405761 0.995942
2 0.000759875 0.99924
2 0.00123306 0.998767
2 0.00457022 0.99543
2 0.00524711 0.994753
2 0.0119788 0.988021
2 0.0481974 0.951803
2 0.00726913 0.992731
2 0.0159139 0.984086
2 0.000876095 0.999124
2 0.00427373 0.995726
2 0.000650886 0.999349
2 0.000720594 0.999279
2 0.000926104 0.999074
2 0.00188077 0.998119
2 0.00280994 0.99719
2 0.00408932 0.995911
2 0.00153157 0.998468
2 0.00142382 0.998576
2 0.00898008 0.99102
2 0.00321425 0.996786
2 0.00745419 0.992546
2 0.00110643 0.998894
2 0.000903288 0.999097
2 0.000663681 0.999336
2 0.00160014 0.9984
2 0.00148894 0.998511
2 0.00147959 0.99852
2 0.0020987 0.997901
2 0.00267104 0.997329
2 0.0103597 0.98964
2 0.0334134 0.966587
2 0.00649344 0.993507
2 0.00347044 0.99653
2 0.00114076 0.998859
2 0.00163371 0.998366
2 0.00131685 0.998683
2 0.00227525 0.997725
2 0.00163825 0.998362
2 0.00130697 0.998693
2 0.00260744 0.997393
2 0.0125776 0.987422
2 0.0136491 0.986351
2 0.0140643 0.985936
2 0.000598323 0.999402
2 0.000878983 0.999121
2 0.0021845 0.997816
2 0.00117989 0.99882
2 0.00177593 0.998224
2 0.00148124 0.998519
2 0.00220383 0.997796
2 0.00312524 0.996875
2 0.0390945 0.960906
2 0.0586423 0.941358
2 0.00505158 0.994948
2 0.000887346 0.999113
2 0.000727218 0.999273
2 0.00154575 0.998454
2 0.00179803 0.998202
2 0.00223918 0.997761
2 0.00498613 0.995014
2 0.00662098 0.993379
2 0.00315105 0.996849
2 0.0439613 0.956039
2 0.0495356 0.950464
2 0.00539823 0.994602
2 0.000961122 0.999039
2 0.00110232 0.998898
2 0.00221562 0.997784
2 0.0033203 0.99668
2 0.00637185 0.993628
2 0.00519082 0.994809
2 0.00402734 0.995973
2 0.0047093 0.995291
2 0.00295065 0.997049
2 0.00200373 0.997996
2 0.0056946 0.994305
2 0.00129627 0.998704
2 0.00258263 0.997417
2 0.00402691 0.995973
2 0.00661425 0.993386
2 0.00526996 0.99473
2 0.00645243 0.993548
2 0.00106972 0.99893
2 0.00121464 0.998785
2 0.000897499 0.999103
2 0.00286154 0.997138
2 0.00199007 0.99801
2 0.000895244 0.999105
2 0.00157636 0.998424
2 0.0052826 0.994717
2 0.00699957 0.993
2 0.00484776 0.995152
2 0.00139768 0.998602
2 0.00220432 0.997796
2 0.00255143 0.997449
2 0.00183177 0.998168
2 0.00266117 0.997339
2 0.00876781 0.991232
2 0.00305541 0.996945
2 0.0128722 0.987128
2 0.00706884 0.992931
2 0.00378845 0.996212
2 0.00547368 0.994526
2 0.005646 0.994354
2 0.0147135 0.985287
2 0.00782626 0.992174
2 0.00312839 0.996872
2 0.00284997 0.99715
2 0.00625677 0.993743
2 0.0041522 0.995848
2 0.0273566 0.972643
2 0.0233299 0.97667
2 0.0126561 0.987344
2 0.00421981 0.99578
2 0.032182 0.967818
2 0.0137866 0.986213
2 0.020248 0.979752
2 0.015174 0.984826
2 0.00469207 0.995308
2 0.0127865 0.987214
2 0.0420772 0.957923
2 0.0032508 0.996749
2 0.00275672 0.997243
2 0.00440756 0.995592
2 0.00291137 0.997089
2 0.00517525 0.994825
2 0.0147224 0.985278
2 0.0200324 0.979968
2 0.0130388 0.986961
2 0.0196494 0.980351
2 0.0018815 0.998118
2 0.00399052 0.996009
2 0.0102165 0.989783
2 0.00373247 0.996268
2 0.00958242 0.990418
2 0.00409236 0.995908
2 0.0264109 0.973589
2 0.00734935 0.992651
2 0.02413 0.97587
2 0.012105 0.987895
2 0.0152653 0.984735
2 0.0657752 0.934225
2 0.0172676 0.982732
