1 	 402 	 402 	 0.372
2 	 92 	 92 	 30.204
3 	 89 	 89 	 17.036
4 	 264 	 264 	 12.377
5 	 383 	 383 	 12.234
6 	 392 	 392 	 9.683
7 	 405 	 405 	 10.506
8 	 400 	 400 	 11.630
9 	 227 	 227 	 10.089
10 	 132 	 132 	 7.705
11 	 398 	 398 	 8.368
12 	 404 	 404 	 9.047
13 	 125 	 125 	 7.899
14 	 80 	 80 	 7.474
15 	 52 	 52 	 6.614
16 	 233 	 233 	 6.651
17 	 403 	 403 	 6.868
18 	 190 	 190 	 5.409
19 	 401 	 401 	 5.606
20 	 129 	 129 	 4.672
21 	 390 	 390 	 4.764
22 	 394 	 394 	 4.783
23 	 391 	 391 	 4.632
24 	 352 	 352 	 4.527
25 	 389 	 389 	 4.600
26 	 399 	 399 	 4.698
27 	 128 	 128 	 4.698
28 	 397 	 397 	 4.451
29 	 12 	 12 	 4.371
30 	 49 	 49 	 4.477
31 	 10 	 10 	 4.341
32 	 64 	 64 	 4.165
33 	 228 	 228 	 4.061
34 	 245 	 245 	 3.846
35 	 180 	 180 	 3.817
36 	 222 	 222 	 3.834
37 	 334 	 334 	 3.844
38 	 251 	 251 	 3.798
39 	 130 	 130 	 3.632
40 	 28 	 28 	 3.577
41 	 254 	 254 	 3.339
42 	 154 	 154 	 3.286
43 	 311 	 311 	 3.277
44 	 161 	 161 	 3.205
45 	 249 	 249 	 3.097
46 	 396 	 396 	 3.157
47 	 208 	 208 	 3.142
48 	 33 	 33 	 2.949
49 	 196 	 196 	 2.858
50 	 121 	 121 	 2.840
51 	 275 	 275 	 2.839
52 	 248 	 248 	 2.874
53 	 291 	 291 	 2.881
54 	 20 	 20 	 2.744
55 	 370 	 370 	 2.775
56 	 174 	 174 	 2.780
57 	 393 	 393 	 2.697
58 	 88 	 88 	 2.718
59 	 193 	 193 	 2.629
60 	 37 	 37 	 2.597
61 	 217 	 217 	 2.543
62 	 244 	 244 	 2.504
63 	 388 	 388 	 2.432
64 	 131 	 131 	 2.463
65 	 48 	 48 	 2.450
66 	 166 	 166 	 2.419
67 	 194 	 194 	 2.434
68 	 96 	 96 	 2.419
69 	 263 	 263 	 2.424
70 	 40 	 40 	 2.366
71 	 181 	 181 	 2.278
72 	 395 	 395 	 2.297
73 	 225 	 225 	 2.273
74 	 11 	 11 	 2.256
75 	 29 	 29 	 2.233
76 	 307 	 307 	 2.243
77 	 205 	 205 	 2.166
78 	 256 	 256 	 2.124
79 	 212 	 212 	 2.125
80 	 90 	 90 	 2.090
81 	 57 	 57 	 2.071
82 	 120 	 120 	 2.062
83 	 169 	 169 	 2.059
84 	 67 	 67 	 2.083
85 	 242 	 242 	 2.060
86 	 63 	 63 	 2.041
87 	 185 	 185 	 2.005
88 	 351 	 351 	 2.005
89 	 77 	 77 	 1.985
90 	 9 	 9 	 1.995
91 	 142 	 142 	 1.922
92 	 221 	 221 	 1.886
93 	 253 	 253 	 1.877
94 	 224 	 224 	 1.862
95 	 32 	 32 	 1.773
96 	 163 	 163 	 1.783
97 	 143 	 143 	 1.687
98 	 210 	 210 	 1.592
99 	 325 	 325 	 1.604
100 	 241 	 241 	 1.583
101 	 260 	 260 	 1.587
102 	 137 	 137 	 1.566
103 	 94 	 94 	 1.573
104 	 167 	 167 	 1.522
105 	 144 	 144 	 1.531
106 	 3 	 3 	 1.530
107 	 158 	 158 	 1.522
108 	 280 	 280 	 1.528
109 	 22 	 22 	 1.518
110 	 192 	 192 	 1.529
111 	 145 	 145 	 1.463
112 	 116 	 116 	 1.464
113 	 177 	 177 	 1.471
114 	 300 	 300 	 1.474
115 	 267 	 267 	 1.476
116 	 357 	 357 	 1.438
117 	 35 	 35 	 1.450
118 	 123 	 123 	 1.432
119 	 13 	 13 	 1.409
120 	 191 	 191 	 1.391
121 	 41 	 41 	 1.391
122 	 385 	 385 	 1.384
123 	 59 	 59 	 1.365
124 	 113 	 113 	 1.344
125 	 99 	 99 	 1.338
126 	 112 	 112 	 1.336
127 	 313 	 313 	 1.337
128 	 348 	 348 	 1.333
129 	 164 	 164 	 1.341
130 	 61 	 61 	 1.305
131 	 330 	 330 	 1.298
132 	 270 	 270 	 1.279
133 	 252 	 252 	 1.280
134 	 24 	 24 	 1.253
135 	 186 	 186 	 1.251
136 	 97 	 97 	 1.218
137 	 364 	 364 	 1.213
138 	 62 	 62 	 1.201
139 	 346 	 346 	 1.202
140 	 214 	 214 	 1.186
141 	 73 	 73 	 1.165
142 	 76 	 76 	 1.167
143 	 139 	 139 	 1.172
144 	 150 	 150 	 1.149
145 	 310 	 310 	 1.142
146 	 201 	 201 	 1.123
147 	 159 	 159 	 1.108
148 	 268 	 268 	 1.098
149 	 324 	 324 	 1.095
150 	 206 	 206 	 1.096
151 	 387 	 387 	 1.088
152 	 16 	 16 	 1.084
153 	 102 	 102 	 1.053
154 	 261 	 261 	 1.056
155 	 378 	 378 	 1.025
156 	 100 	 100 	 1.026
157 	 86 	 86 	 1.022
158 	 369 	 369 	 0.993
159 	 103 	 103 	 0.998
160 	 274 	 274 	 0.966
161 	 44 	 44 	 0.965
162 	 138 	 138 	 0.951
163 	 93 	 93 	 0.947
164 	 279 	 279 	 0.934
165 	 331 	 331 	 0.908
166 	 105 	 105 	 0.891
167 	 36 	 36 	 0.856
168 	 43 	 43 	 0.854
169 	 31 	 31 	 0.846
170 	 276 	 276 	 0.848
171 	 309 	 309 	 0.852
172 	 321 	 321 	 0.845
173 	 199 	 199 	 0.844
174 	 240 	 240 	 0.843
175 	 298 	 298 	 0.835
176 	 246 	 246 	 0.836
177 	 314 	 314 	 0.840
178 	 234 	 234 	 0.825
179 	 243 	 243 	 0.819
180 	 384 	 384 	 0.811
181 	 269 	 269 	 0.811
182 	 328 	 328 	 0.802
183 	 75 	 75 	 0.785
184 	 232 	 232 	 0.783
185 	 187 	 187 	 0.783
186 	 101 	 101 	 0.786
187 	 237 	 237 	 0.783
188 	 55 	 55 	 0.774
189 	 373 	 373 	 0.775
190 	 306 	 306 	 0.777
191 	 140 	 140 	 0.780
192 	 69 	 69 	 0.774
193 	 68 	 68 	 0.764
194 	 235 	 235 	 0.743
195 	 231 	 231 	 0.745
196 	 316 	 316 	 0.742
197 	 273 	 273 	 0.744
198 	 198 	 198 	 0.742
199 	 173 	 173 	 0.737
200 	 216 	 216 	 0.714
201 	 265 	 265 	 0.700
202 	 85 	 85 	 0.674
203 	 342 	 342 	 0.674
204 	 189 	 189 	 0.666
205 	 382 	 382 	 0.665
206 	 42 	 42 	 0.663
207 	 255 	 255 	 0.640
208 	 301 	 301 	 0.639
209 	 315 	 315 	 0.630
210 	 135 	 135 	 0.627
211 	 204 	 204 	 0.625
212 	 19 	 19 	 0.620
213 	 349 	 349 	 0.621
214 	 223 	 223 	 0.605
215 	 109 	 109 	 0.607
216 	 95 	 95 	 0.577
217 	 277 	 277 	 0.575
218 	 322 	 322 	 0.567
219 	 21 	 21 	 0.563
220 	 329 	 329 	 0.554
221 	 141 	 141 	 0.543
222 	 340 	 340 	 0.531
223 	 386 	 386 	 0.528
224 	 238 	 238 	 0.522
225 	 332 	 332 	 0.517
226 	 17 	 17 	 0.514
227 	 347 	 347 	 0.512
228 	 14 	 14 	 0.511
229 	 107 	 107 	 0.500
230 	 226 	 226 	 0.501
231 	 106 	 106 	 0.498
232 	 147 	 147 	 0.490
233 	 4 	 4 	 0.491
234 	 179 	 179 	 0.485
235 	 2 	 2 	 0.484
236 	 104 	 104 	 0.469
237 	 271 	 271 	 0.468
238 	 197 	 197 	 0.459
239 	 58 	 58 	 0.456
240 	 379 	 379 	 0.451
241 	 289 	 289 	 0.443
242 	 341 	 341 	 0.436
243 	 34 	 34 	 0.433
244 	 362 	 362 	 0.421
245 	 299 	 299 	 0.409
246 	 47 	 47 	 0.395
247 	 87 	 87 	 0.387
248 	 27 	 27 	 0.383
249 	 82 	 82 	 0.384
250 	 294 	 294 	 0.378
251 	 361 	 361 	 0.377
252 	 133 	 133 	 0.375
253 	 380 	 380 	 0.369
254 	 168 	 168 	 0.366
255 	 323 	 323 	 0.366
256 	 51 	 51 	 0.360
257 	 305 	 305 	 0.360
258 	 39 	 39 	 0.357
259 	 162 	 162 	 0.356
260 	 297 	 297 	 0.354
261 	 25 	 25 	 0.335
262 	 127 	 127 	 0.335
263 	 124 	 124 	 0.325
264 	 54 	 54 	 0.323
265 	 366 	 366 	 0.302
266 	 110 	 110 	 0.299
267 	 343 	 343 	 0.300
268 	 118 	 118 	 0.298
269 	 363 	 363 	 0.296
270 	 327 	 327 	 0.287
271 	 302 	 302 	 0.283
272 	 178 	 178 	 0.277
273 	 282 	 282 	 0.273
274 	 272 	 272 	 0.258
275 	 303 	 303 	 0.256
276 	 365 	 365 	 0.249
277 	 356 	 356 	 0.247
278 	 38 	 38 	 0.245
279 	 108 	 108 	 0.239
280 	 160 	 160 	 0.234
281 	 319 	 319 	 0.226
282 	 304 	 304 	 0.223
283 	 219 	 219 	 0.220
284 	 360 	 360 	 0.216
285 	 339 	 339 	 0.215
286 	 209 	 209 	 0.211
287 	 203 	 203 	 0.208
288 	 257 	 257 	 0.208
289 	 355 	 355 	 0.207
290 	 182 	 182 	 0.205
291 	 172 	 172 	 0.202
292 	 213 	 213 	 0.201
293 	 236 	 236 	 0.193
294 	 114 	 114 	 0.190
295 	 230 	 230 	 0.182
296 	 333 	 333 	 0.182
297 	 200 	 200 	 0.181
298 	 56 	 56 	 0.180
299 	 312 	 312 	 0.179
300 	 374 	 374 	 0.178
301 	 170 	 170 	 0.172
302 	 70 	 70 	 0.167
303 	 115 	 115 	 0.148
304 	 292 	 292 	 0.139
305 	 367 	 367 	 0.130
306 	 175 	 175 	 0.130
307 	 345 	 345 	 0.125
308 	 83 	 83 	 0.123
309 	 117 	 117 	 0.122
310 	 15 	 15 	 0.112
311 	 126 	 126 	 0.107
312 	 171 	 171 	 0.103
313 	 308 	 308 	 0.100
314 	 72 	 72 	 0.098
315 	 336 	 336 	 0.093
316 	 281 	 281 	 0.092
317 	 45 	 45 	 0.087
318 	 368 	 368 	 0.087
319 	 376 	 376 	 0.087
320 	 288 	 288 	 0.086
321 	 78 	 78 	 0.083
322 	 5 	 5 	 0.081
323 	 278 	 278 	 0.078
324 	 318 	 318 	 0.078
325 	 283 	 283 	 0.076
326 	 353 	 353 	 0.074
327 	 146 	 146 	 0.073
328 	 1 	 1 	 0.073
329 	 218 	 218 	 0.070
330 	 220 	 220 	 0.068
331 	 6 	 6 	 0.066
332 	 151 	 151 	 0.064
333 	 320 	 320 	 0.064
334 	 372 	 372 	 0.064
335 	 359 	 359 	 0.064
336 	 295 	 295 	 0.062
337 	 377 	 377 	 0.060
338 	 81 	 81 	 0.058
339 	 8 	 8 	 0.056
340 	 358 	 358 	 0.055
341 	 111 	 111 	 0.051
342 	 153 	 153 	 0.051
343 	 211 	 211 	 0.050
344 	 7 	 7 	 0.050
345 	 338 	 338 	 0.049
346 	 207 	 207 	 0.049
347 	 65 	 65 	 0.043
348 	 74 	 74 	 0.037
349 	 53 	 53 	 0.035
350 	 188 	 188 	 0.034
351 	 23 	 23 	 0.034
352 	 60 	 60 	 0.034
353 	 119 	 119 	 0.033
354 	 136 	 136 	 0.033
355 	 229 	 229 	 0.031
356 	 290 	 290 	 0.031
357 	 259 	 259 	 0.030
358 	 350 	 350 	 0.029
359 	 354 	 354 	 0.028
360 	 50 	 50 	 0.028
361 	 176 	 176 	 0.024
362 	 66 	 66 	 0.024
363 	 18 	 18 	 0.020
364 	 285 	 285 	 0.019
365 	 258 	 258 	 0.016
366 	 239 	 239 	 0.015
367 	 337 	 337 	 0.014
368 	 71 	 71 	 0.012
369 	 98 	 98 	 0.012
370 	 79 	 79 	 0.012
371 	 266 	 266 	 0.012
372 	 215 	 215 	 0.011
373 	 202 	 202 	 0.010
374 	 247 	 247 	 0.009
375 	 122 	 122 	 0.009
376 	 286 	 286 	 0.009
377 	 344 	 344 	 0.007
378 	 84 	 84 	 0.007
379 	 287 	 287 	 0.006
380 	 317 	 317 	 0.006
381 	 91 	 91 	 0.005
382 	 326 	 326 	 0.005
383 	 149 	 149 	 0.005
384 	 152 	 152 	 0.004
385 	 296 	 296 	 0.003
386 	 284 	 284 	 0.002
387 	 148 	 148 	 0.002
388 	 250 	 250 	 0.002
389 	 156 	 156 	 0.002
390 	 183 	 183 	 0.002
391 	 30 	 30 	 0.001
392 	 155 	 155 	 0.001
393 	 46 	 46 	 0.001
394 	 375 	 375 	 0.001
395 	 26 	 26 	 0.000
396 	 335 	 335 	 0.000
397 	 184 	 184 	 0.000
398 	 195 	 195 	 0.000
399 	 262 	 262 	 0.000
400 	 381 	 381 	 0.000
401 	 293 	 293 	 0.000
402 	 371 	 371 	 0.000
403 	 134 	 134 	 0.000
404 	 157 	 157 	 0.000
405 	 165 	 165 	 0.000