1 	 1091 	 1091 	 0.159
2 	 959 	 959 	 38.412
3 	 822 	 822 	 22.426
4 	 735 	 735 	 19.318
5 	 234 	 234 	 22.283
6 	 722 	 722 	 23.845
7 	 227 	 227 	 24.090
8 	 868 	 868 	 21.075
9 	 230 	 230 	 22.360
10 	 1087 	 1087 	 19.184
11 	 1096 	 1096 	 20.282
12 	 377 	 377 	 19.121
13 	 41 	 41 	 17.829
14 	 472 	 472 	 18.508
15 	 1093 	 1093 	 16.970
16 	 456 	 456 	 15.338
17 	 410 	 410 	 15.245
18 	 1084 	 1084 	 15.439
19 	 235 	 235 	 15.975
20 	 373 	 373 	 14.975
21 	 692 	 692 	 13.854
22 	 233 	 233 	 14.092
23 	 674 	 674 	 14.002
24 	 310 	 310 	 14.047
25 	 915 	 915 	 13.616
26 	 501 	 501 	 13.204
27 	 1080 	 1080 	 13.606
28 	 823 	 823 	 13.437
29 	 844 	 844 	 13.830
30 	 1088 	 1088 	 13.907
31 	 238 	 238 	 13.869
32 	 72 	 72 	 13.440
33 	 228 	 228 	 13.500
34 	 297 	 297 	 12.977
35 	 807 	 807 	 12.364
36 	 226 	 226 	 12.285
37 	 142 	 142 	 12.310
38 	 1094 	 1094 	 12.174
39 	 460 	 460 	 12.047
40 	 168 	 168 	 11.962
41 	 175 	 175 	 12.068
42 	 338 	 338 	 12.160
43 	 502 	 502 	 12.317
44 	 775 	 775 	 12.079
45 	 555 	 555 	 12.052
46 	 453 	 453 	 11.884
47 	 469 	 469 	 11.933
48 	 1092 	 1092 	 12.062
49 	 553 	 553 	 11.724
50 	 872 	 872 	 11.715
51 	 1089 	 1089 	 11.430
52 	 751 	 751 	 11.072
53 	 337 	 337 	 11.110
54 	 728 	 728 	 11.085
55 	 397 	 397 	 11.029
56 	 489 	 489 	 10.978
57 	 309 	 309 	 10.837
58 	 624 	 624 	 10.329
59 	 1072 	 1072 	 10.415
60 	 1097 	 1097    10.377
61 	 769 	 769 	 10.054
62 	 865 	 865 	 9.792
63 	 43 	 43 	 9.819
64 	 239 	 239 	 9.289
65 	 1090 	 1090 	 9.349
66 	 54 	 54 	 9.367
67 	 430 	 430 	 9.142
68 	 432 	 432 	 8.986
69 	 166 	 166 	 9.034
70 	 363 	 363 	 8.947
71 	 725 	 725 	 8.835
72 	 550 	 550 	 8.794
73 	 654 	 654 	 8.758
74 	 504 	 504 	 8.607
75 	 536 	 536 	 8.592
76 	 645 	 645 	 8.628
77 	 216 	 216 	 8.479
78 	 938 	 938 	 8.366
79 	 231 	 231 	 8.362
80 	 1082 	 1082 	 8.434
81 	 813 	 813 	 8.492
82 	 1015 	 1015 	 8.416
83 	 653 	 653 	 8.340
84 	 847 	 847 	 8.331
85 	 280 	 280 	 8.313
86 	 1026 	 1026 	 8.375
87 	 918 	 918 	 8.100
88 	 1085 	 1085 	 7.949
89 	 655 	 655 	 7.963
90 	 79 	 79 	 7.986
91 	 329 	 329 	 8.040
92 	 335 	 335 	 7.980
93 	 247 	 247 	 7.857
94 	 256 	 256 	 7.875
95 	 55 	 55 	 7.632
96 	 1095 	 1095 	 7.603
97 	 463 	 463 	 7.485
98 	 223 	 223 	 7.406
99 	 817 	 817 	 7.390
100 	 686 	 686 	 7.318
101 	 112 	 112 	 7.332
102 	 271 	 271 	 7.390
103 	 563 	 563 	 7.299
104 	 911 	 911 	 7.304
105 	 274 	 274 	 7.244
106 	 652 	 652 	 7.201
107 	 435 	 435 	 7.161
108 	 608 	 608 	 7.185
109 	 910 	 910 	 7.221
110 	 768 	 768 	 7.210
111 	 843 	 843 	 6.956
112 	 265 	 265 	 6.987
113 	 162 	 162 	 6.869
114 	 591 	 591 	 6.864
115 	 528 	 528 	 6.750
116 	 188 	 188 	 6.781
117 	 863 	 863 	 6.796
118 	 49 	 49 	 6.692
119 	 191 	 191 	 6.630
120 	 267 	 267 	 6.499
121 	 720 	 720 	 6.432
122 	 607 	 607 	 6.359
123 	 548 	 548 	 6.363
124 	 805 	 805 	 6.284
125 	 1081 	 1081 	 6.304
126 	 124 	 124 	 6.314
127 	 816 	 816 	 6.294
128 	 681 	 681 	 6.205
129 	 1052 	 1052 	 6.218
130 	 554 	 554 	 6.213
131 	 934 	 934 	 6.162
132 	 163 	 163 	 6.078
133 	 534 	 534 	 5.985
134 	 1079 	 1079 	 5.982
135 	 677 	 677 	 5.977
136 	 444 	 444 	 5.968
137 	 361 	 361 	 5.977
138 	 374 	 374 	 5.971
139 	 75 	 75 	 5.932
140 	 1086 	 1086 	 5.957
141 	 808 	 808 	 5.955
142 	 936 	 936 	 5.918
143 	 699 	 699 	 5.907
144 	 899 	 899 	 5.864
145 	 118 	 118 	 5.899
146 	 820 	 820 	 5.891
147 	 532 	 532 	 5.808
148 	 587 	 587 	 5.822
149 	 331 	 331 	 5.781
150 	 340 	 340 	 5.789
151 	 907 	 907 	 5.786
152 	 656 	 656 	 5.728
153 	 527 	 527 	 5.707
154 	 115 	 115 	 5.733
155 	 566 	 566 	 5.704
156 	 643 	 643 	 5.720
157 	 546 	 546 	 5.675
158 	 375 	 375 	 5.708
159 	 930 	 930 	 5.700
160 	 327 	 327 	 5.656
161 	 400 	 400 	 5.677
162 	 164 	 164 	 5.689
163 	 169 	 169 	 5.658
164 	 4 	 4 	 5.673
165 	 445 	 445 	 5.535
166 	 569 	 569 	 5.469
167 	 941 	 941 	 5.476
168 	 1017 	 1017 	 5.494
169 	 888 	 888 	 5.444
170 	 772 	 772 	 5.456
171 	 462 	 462 	 5.464
172 	 837 	 837 	 5.413
173 	 24 	 24 	 5.417
174 	 213 	 213 	 5.422
175 	 972 	 972 	 5.425
176 	 593 	 593 	 5.388
177 	 854 	 854 	 5.360
178 	 651 	 651 	 5.370
179 	 454 	 454 	 5.319
180 	 835 	 835 	 5.266
181 	 838 	 838 	 5.258
182 	 198 	 198 	 5.248
183 	 561 	 561 	 5.272
184 	 1024 	 1024 	 5.293
185 	 999 	 999 	 5.242
186 	 203 	 203 	 5.239
187 	 429 	 429 	 5.232
188 	 382 	 382 	 5.249
189 	 1083 	 1083 	 5.256
190 	 570 	 570 	 5.245
191 	 678 	 678 	 5.209
192 	 773 	 773 	 5.179
193 	 395 	 395 	 5.160
194 	 596 	 596 	 5.094
195 	 986 	 986 	 5.098
196 	 217 	 217 	 5.061
197 	 1021 	 1021 	 5.079
198 	 732 	 732 	 5.018
199 	 950 	 950 	 5.032
200 	 109 	 109 	 5.008
201 	 568 	 568 	 5.022
202 	 523 	 523 	 5.015
203 	 193 	 193 	 4.997
204 	 852 	 852 	 4.982
205 	 26 	 26 	 4.952
206 	 76 	 76 	 4.936
207 	 697 	 697 	 4.950
208 	 105 	 105 	 4.954
209 	 662 	 662 	 4.962
210 	 491 	 491 	 4.944
211 	 1013 	 1013 	 4.936
212 	 649 	 649 	 4.899
213 	 378 	 378 	 4.802
214 	 323 	 323 	 4.800
215 	 648 	 648 	 4.773
216 	 862 	 862 	 4.772
217 	 287 	 287 	 4.756
218 	 1073 	 1073 	 4.771
219 	 676 	 676 	 4.757
220 	 931 	 931 	 4.758
221 	 350 	 350 	 4.743
222 	 339 	 339 	 4.752
223 	 347 	 347 	 4.761
224 	 202 	 202 	 4.761
225 	 752 	 752 	 4.775
226 	 345 	 345 	 4.726
227 	 646 	 646 	 4.730
228 	 315 	 315 	 4.720
229 	 764 	 764 	 4.713
230 	 383 	 383 	 4.703
231 	 13 	 13 	 4.712
232 	 529 	 529 	 4.670
233 	 94 	 94 	 4.646
234 	 1056 	 1056 	 4.631
235 	 530 	 530 	 4.637
236 	 932 	 932 	 4.646
237 	 412 	 412 	 4.658
238 	 778 	 778 	 4.676
239 	 62 	 62 	 4.684
240 	 1022 	 1022 	 4.685
241 	 669 	 669 	 4.666
242 	 194 	 194 	 4.670
243 	 370 	 370 	 4.671
244 	 313 	 313 	 4.628
245 	 64 	 64 	 4.623
246 	 300 	 300 	 4.597
247 	 675 	 675 	 4.565
248 	 1047 	 1047 	 4.575
249 	 756 	 756 	 4.531
250 	 781 	 781 	 4.511
251 	 717 	 717 	 4.476
252 	 882 	 882 	 4.437
253 	 1011 	 1011 	 4.441
254 	 292 	 292 	 4.415
255 	 961 	 961 	 4.426
256 	 747 	 747 	 4.369
257 	 639 	 639 	 4.376
258 	 647 	 647 	 4.359
259 	 304 	 304 	 4.343
260 	 832 	 832 	 4.333
261 	 152 	 152 	 4.300
262 	 920 	 920 	 4.308
263 	 664 	 664 	 4.314
264 	 85 	 85 	 4.328
265 	 521 	 521 	 4.328
266 	 458 	 458 	 4.330
267 	 205 	 205 	 4.306
268 	 565 	 565 	 4.272
269 	 214 	 214 	 4.256
270 	 705 	 705 	 4.238
271 	 368 	 368 	 4.228
272 	 810 	 810 	 4.213
273 	 745 	 745 	 4.221
274 	 598 	 598 	 4.209
275 	 379 	 379 	 4.211
276 	 1 	 1 	 4.178
277 	 650 	 650 	 4.146
278 	 182 	 182 	 4.116
279 	 661 	 661 	 4.093
280 	 680 	 680 	 4.098
281 	 314 	 314 	 4.094
282 	 16 	 16 	 4.095
283 	 59 	 59 	 4.068
284 	 143 	 143 	 4.076
285 	 161 	 161 	 4.063
286 	 851 	 851 	 4.069
287 	 880 	 880 	 4.074
288 	 42 	 42 	 4.074
289 	 698 	 698 	 4.067
290 	 204 	 204 	 4.030
291 	 749 	 749 	 4.018
292 	 974 	 974 	 4.019
293 	 170 	 170 	 4.017
294 	 134 	 134 	 4.020
295 	 183 	 183 	 3.988
296 	 298 	 298 	 3.995
297 	 767 	 767 	 3.981
298 	 2 	 2 	 3.983
299 	 179 	 179 	 3.958
300 	 846 	 846 	 3.957
301 	 993 	 993 	 3.963
302 	 840 	 840 	 3.944
303 	 597 	 597 	 3.948
304 	 957 	 957 	 3.935
305 	 131 	 131 	 3.924
306 	 208 	 208 	 3.901
307 	 606 	 606 	 3.865
308 	 319 	 319 	 3.833
309 	 485 	 485 	 3.843
310 	 465 	 465 	 3.817
311 	 99 	 99 	 3.825
312 	 126 	 126 	 3.834
313 	 883 	 883 	 3.813
314 	 850 	 850 	 3.819
315 	 721 	 721 	 3.819
316 	 1009 	 1009 	 3.829
317 	 1075 	 1075 	 3.798
318 	 254 	 254 	 3.785
319 	 484 	 484 	 3.770
320 	 12 	 12 	 3.729
321 	 1035 	 1035 	 3.732
322 	 755 	 755 	 3.716
323 	 960 	 960 	 3.709
324 	 195 	 195 	 3.704
325 	 448 	 448 	 3.689
326 	 114 	 114 	 3.685
327 	 192 	 192 	 3.677
328 	 696 	 696 	 3.658
329 	 209 	 209 	 3.662
330 	 726 	 726 	 3.666
331 	 945 	 945 	 3.661
332 	 341 	 341 	 3.650
333 	 660 	 660 	 3.655
334 	 571 	 571 	 3.651
335 	 556 	 556 	 3.648
336 	 67 	 67 	 3.642
337 	 579 	 579 	 3.629
338 	 658 	 658 	 3.628
339 	 52 	 52 	 3.608
340 	 352 	 352 	 3.616
341 	 740 	 740 	 3.604
342 	 262 	 262 	 3.551
343 	 10 	 10 	 3.556
344 	 500 	 500 	 3.552
345 	 116 	 116 	 3.541
346 	 533 	 533 	 3.546
347 	 937 	 937 	 3.550
348 	 1030 	 1030 	 3.549
349 	 95 	 95 	 3.540
350 	 632 	 632 	 3.520
351 	 277 	 277 	 3.513
352 	 682 	 682 	 3.518
353 	 955 	 955 	 3.509
354 	 1008 	 1008 	 3.515
355 	 671 	 671 	 3.491
356 	 1029 	 1029 	 3.485
357 	 7 	 7 	 3.478
358 	 714 	 714 	 3.451
359 	 890 	 890 	 3.455
360 	 299 	 299 	 3.460
361 	 549 	 549 	 3.446
362 	 716 	 716 	 3.443
363 	 419 	 419 	 3.414
364 	 113 	 113 	 3.388
365 	 1023 	 1023 	 3.386
366 	 50 	 50 	 3.369
367 	 177 	 177 	 3.360
368 	 215 	 215 	 3.351
369 	 869 	 869 	 3.347
370 	 830 	 830 	 3.353
371 	 713 	 713 	 3.342
372 	 864 	 864 	 3.313
373 	 537 	 537 	 3.318
374 	 742 	 742 	 3.301
375 	 590 	 590 	 3.295
376 	 940 	 940 	 3.299
377 	 518 	 518 	 3.303
378 	 943 	 943 	 3.299
379 	 1071 	 1071 	 3.276
380 	 253 	 253 	 3.271
381 	 496 	 496 	 3.255
382 	 436 	 436 	 3.256
383 	 657 	 657 	 3.258
384 	 446 	 446 	 3.264
385 	 3 	 3 	 3.269
386 	 51 	 51 	 3.256
387 	 777 	 777 	 3.222
388 	 388 	 388 	 3.225
389 	 229 	 229 	 3.229
390 	 670 	 670 	 3.232
391 	 545 	 545 	 3.229
392 	 973 	 973 	 3.216
393 	 642 	 642 	 3.169
394 	 766 	 766 	 3.169
395 	 859 	 859 	 3.167
396 	 849 	 849 	 3.149
397 	 320 	 320 	 3.156
398 	 180 	 180 	 3.147
399 	 694 	 694 	 3.147
400 	 425 	 425 	 3.116
401 	 525 	 525 	 3.116
402 	 316 	 316 	 3.120
403 	 108 	 108 	 3.126
404 	 70 	 70 	 3.111
405 	 1016 	 1016 	 3.107
406 	 157 	 157 	 3.108
407 	 420 	 420 	 3.092
408 	 87 	 87 	 3.087
409 	 65 	 65 	 3.082
410 	 103 	 103 	 3.085
411 	 1004 	 1004 	 3.073
412 	 1036 	 1036 	 3.079
413 	 679 	 679 	 3.078
414 	 241 	 241 	 3.075
415 	 28 	 28 	 3.075
416 	 947 	 947 	 3.076
417 	 470 	 470 	 3.067
418 	 14 	 14 	 3.072
419 	 762 	 762 	 3.077
420 	 34 	 34 	 3.073
421 	 819 	 819 	 3.063
422 	 36 	 36 	 3.063
423 	 416 	 416 	 3.054
424 	 212 	 212 	 3.053
425 	 399 	 399 	 3.050
426 	 187 	 187 	 3.043
427 	 174 	 174 	 3.049
428 	 925 	 925 	 3.052
429 	 976 	 976 	 3.058
430 	 427 	 427 	 3.045
431 	 970 	 970 	 3.051
432 	 985 	 985 	 3.045
433 	 512 	 512 	 3.033
434 	 513 	 513 	 2.993
435 	 481 	 481 	 2.987
436 	 793 	 793 	 2.984
437 	 574 	 574 	 2.988
438 	 855 	 855 	 2.980
439 	 206 	 206 	 2.980
440 	 979 	 979 	 2.983
441 	 784 	 784 	 2.977
442 	 600 	 600 	 2.952
443 	 814 	 814 	 2.931
444 	 334 	 334 	 2.920
445 	 594 	 594 	 2.915
446 	 829 	 829 	 2.912
447 	 802 	 802 	 2.899
448 	 61 	 61 	 2.873
449 	 83 	 83 	 2.857
450 	 894 	 894 	 2.856
451 	 210 	 210 	 2.858
452 	 558 	 558 	 2.861
453 	 285 	 285 	 2.851
454 	 1020 	 1020 	 2.841
455 	 130 	 130 	 2.833
456 	 449 	 449 	 2.831
457 	 876 	 876 	 2.818
458 	 902 	 902 	 2.810
459 	 927 	 927 	 2.809
460 	 988 	 988 	 2.813
461 	 18 	 18 	 2.813
462 	 257 	 257 	 2.812
463 	 125 	 125 	 2.799
464 	 746 	 746 	 2.796
465 	 956 	 956 	 2.790
466 	 637 	 637 	 2.789
467 	 897 	 897 	 2.780
468 	 107 	 107 	 2.778
469 	 765 	 765 	 2.780
470 	 266 	 266 	 2.758
471 	 621 	 621 	 2.743
472 	 389 	 389 	 2.747
473 	 324 	 324 	 2.740
474 	 322 	 322 	 2.742
475 	 962 	 962 	 2.743
476 	 475 	 475 	 2.745
477 	 44 	 44 	 2.742
478 	 196 	 196 	 2.745
479 	 706 	 706 	 2.739
480 	 291 	 291 	 2.732
481 	 5 	 5 	 2.731
482 	 1012 	 1012 	 2.717
483 	 635 	 635 	 2.694
484 	 438 	 438 	 2.693
485 	 630 	 630 	 2.691
486 	 815 	 815 	 2.681
487 	 45 	 45 	 2.682
488 	 891 	 891 	 2.680
489 	 965 	 965 	 2.673
490 	 640 	 640 	 2.673
491 	 1005 	 1005 	 2.666
492 	 626 	 626 	 2.664
493 	 710 	 710 	 2.645
494 	 245 	 245 	 2.647
495 	 100 	 100 	 2.649
496 	 440 	 440 	 2.638
497 	 582 	 582 	 2.625
498 	 572 	 572 	 2.628
499 	 355 	 355 	 2.625
500 	 753 	 753 	 2.619
501 	 628 	 628 	 2.615
502 	 1078 	 1078 	 2.616
503 	 939 	 939 	 2.609
504 	 84 	 84 	 2.603
505 	 638 	 638 	 2.606
506 	 567 	 567 	 2.594
507 	 542 	 542 	 2.598
508 	 599 	 599 	 2.593
509 	 964 	 964 	 2.591
510 	 255 	 255 	 2.563
511 	 468 	 468 	 2.553
512 	 29 	 29 	 2.553
513 	 801 	 801 	 2.549
514 	 278 	 278 	 2.545
515 	 609 	 609 	 2.541
516 	 552 	 552 	 2.531
517 	 1010 	 1010 	 2.531
518 	 709 	 709 	 2.531
519 	 408 	 408 	 2.523
520 	 790 	 790 	 2.512
521 	 443 	 443 	 2.513
522 	 461 	 461 	 2.506
523 	 418 	 418 	 2.497
524 	 98 	 98 	 2.494
525 	 357 	 357 	 2.495
526 	 776 	 776 	 2.487
527 	 603 	 603 	 2.486
528 	 344 	 344 	 2.469
529 	 102 	 102 	 2.465
530 	 770 	 770 	 2.462
531 	 708 	 708 	 2.445
532 	 526 	 526 	 2.441
533 	 455 	 455 	 2.441
534 	 585 	 585 	 2.425
535 	 244 	 244 	 2.413
536 	 232 	 232 	 2.408
537 	 1028 	 1028 	 2.355
538 	 522 	 522 	 2.355
539 	 627 	 627 	 2.353
540 	 189 	 189 	 2.351
541 	 447 	 447 	 2.347
542 	 687 	 687 	 2.344
543 	 147 	 147 	 2.339
544 	 167 	 167 	 2.331
545 	 520 	 520 	 2.325
546 	 483 	 483 	 2.320
547 	 376 	 376 	 2.320
548 	 269 	 269 	 2.315
549 	 1041 	 1041 	 2.317
550 	 149 	 149 	 2.314
551 	 834 	 834 	 2.287
552 	 576 	 576 	 2.287
553 	 326 	 326 	 2.276
554 	 380 	 380 	 2.271
555 	 896 	 896 	 2.263
556 	 997 	 997 	 2.249
557 	 875 	 875 	 2.250
558 	 123 	 123 	 2.252
559 	 1058 	 1058 	 2.234
560 	 667 	 667 	 2.237
561 	 1077 	 1077 	 2.234
562 	 308 	 308 	 2.233
563 	 268 	 268 	 2.233
564 	 524 	 524 	 2.235
565 	 507 	 507 	 2.228
566 	 78 	 78 	 2.230
567 	 539 	 539 	 2.234
568 	 486 	 486 	 2.229
569 	 81 	 81 	 2.224
570 	 833 	 833 	 2.227
571 	 948 	 948 	 2.226
572 	 201 	 201 	 2.222
573 	 91 	 91 	 2.222
574 	 17 	 17 	 2.220
575 	 393 	 393 	 2.210
576 	 358 	 358 	 2.210
577 	 243 	 243 	 2.188
578 	 831 	 831 	 2.187
579 	 450 	 450 	 2.186
580 	 283 	 283 	 2.186
581 	 683 	 683 	 2.183
582 	 633 	 633 	 2.173
583 	 856 	 856 	 2.173
584 	 663 	 663 	 2.175
585 	 69 	 69 	 2.171
586 	 478 	 478 	 2.173
587 	 385 	 385 	 2.167
588 	 80 	 80 	 2.166
589 	 795 	 795 	 2.154
590 	 508 	 508 	 2.154
591 	 426 	 426 	 2.146
592 	 853 	 853 	 2.144
593 	 279 	 279 	 2.131
594 	 88 	 88 	 2.130
595 	 516 	 516 	 2.131
596 	 771 	 771 	 2.115
597 	 780 	 780 	 2.110
598 	 564 	 564 	 2.101
599 	 366 	 366 	 2.089
600 	 281 	 281 	 2.083
601 	 406 	 406 	 2.071
602 	 457 	 457 	 2.058
603 	 968 	 968 	 2.061
604 	 848 	 848 	 2.056
605 	 806 	 806 	 2.055
606 	 619 	 619 	 2.050
607 	 185 	 185 	 2.030
608 	 928 	 928 	 2.029
609 	 414 	 414 	 2.027
610 	 543 	 543 	 2.026
611 	 351 	 351 	 2.022
612 	 431 	 431 	 2.013
613 	 727 	 727 	 2.012
614 	 197 	 197 	 2.007
615 	 63 	 63 	 1.991
616 	 544 	 544 	 1.992
617 	 86 	 86 	 1.989
618 	 139 	 139 	 1.986
619 	 917 	 917 	 1.988
620 	 577 	 577 	 1.989
621 	 665 	 665 	 1.978
622 	 763 	 763 	 1.974
623 	 953 	 953 	 1.976
624 	 348 	 348 	 1.975
625 	 748 	 748 	 1.964
626 	 178 	 178 	 1.963
627 	 592 	 592 	 1.962
628 	 128 	 128 	 1.953
629 	 1000 	 1000 	 1.939
630 	 818 	 818 	 1.928
631 	 252 	 252 	 1.919
632 	 782 	 782 	 1.917
633 	 106 	 106 	 1.913
634 	 871 	 871 	 1.915
635 	 66 	 66 	 1.898
636 	 172 	 172 	 1.890
637 	 129 	 129 	 1.891
638 	 984 	 984 	 1.883
639 	 803 	 803 	 1.884
640 	 302 	 302 	 1.876
641 	 325 	 325 	 1.874
642 	 673 	 673 	 1.864
643 	 398 	 398 	 1.863
644 	 704 	 704 	 1.850
645 	 1065 	 1065 	 1.845
646 	 812 	 812 	 1.843
647 	 1014 	 1014 	 1.834
648 	 413 	 413 	 1.836
649 	 364 	 364 	 1.833
650 	 343 	 343 	 1.832
651 	 1025 	 1025 	 1.829
652 	 240 	 240 	 1.813
653 	 906 	 906 	 1.803
654 	 433 	 433 	 1.804
655 	 989 	 989 	 1.804
656 	 260 	 260 	 1.803
657 	 19 	 19 	 1.799
658 	 405 	 405 	 1.791
659 	 32 	 32 	 1.790
660 	 390 	 390 	 1.790
661 	 490 	 490 	 1.788
662 	 873 	 873 	 1.784
663 	 290 	 290 	 1.784
664 	 330 	 330 	 1.775
665 	 336 	 336 	 1.767
666 	 8 	 8 	 1.755
667 	 237 	 237 	 1.755
668 	 428 	 428 	 1.749
669 	 38 	 38 	 1.749
670 	 977 	 977 	 1.751
671 	 1070 	 1070 	 1.750
672 	 342 	 342 	 1.742
673 	 1048 	 1048 	 1.725
674 	 611 	 611 	 1.721
675 	 1067 	 1067 	 1.722
676 	 11 	 11 	 1.717
677 	 804 	 804 	 1.718
678 	 992 	 992 	 1.714
679 	 371 	 371 	 1.712
680 	 994 	 994 	 1.699
681 	 926 	 926 	 1.700
682 	 909 	 909 	 1.695
683 	 900 	 900 	 1.693
684 	 421 	 421 	 1.688
685 	 881 	 881 	 1.677
686 	 857 	 857 	 1.658
687 	 417 	 417 	 1.647
688 	 82 	 82 	 1.640
689 	 893 	 893 	 1.641
690 	 312 	 312 	 1.614
691 	 861 	 861 	 1.615
692 	 754 	 754 	 1.616
693 	 464 	 464 	 1.597
694 	 761 	 761 	 1.592
695 	 497 	 497 	 1.581
696 	 560 	 560 	 1.579
697 	 165 	 165 	 1.565
698 	 482 	 482 	 1.538
699 	 733 	 733 	 1.534
700 	 821 	 821 	 1.534
701 	 272 	 272 	 1.531
702 	 1018 	 1018 	 1.499
703 	 58 	 58 	 1.501
704 	 877 	 877 	 1.497
705 	 617 	 617 	 1.498
706 	 845 	 845 	 1.497
707 	 557 	 557 	 1.498
708 	 181 	 181 	 1.498
709 	 1033 	 1033 	 1.489
710 	 367 	 367 	 1.488
711 	 625 	 625 	 1.484
712 	 758 	 758 	 1.479
713 	 135 	 135 	 1.476
714 	 424 	 424 	 1.477
715 	 610 	 610 	 1.472
716 	 886 	 886 	 1.469
717 	 809 	 809 	 1.463
718 	 510 	 510 	 1.457
719 	 200 	 200 	 1.453
720 	 362 	 362 	 1.445
721 	 969 	 969 	 1.440
722 	 1069 	 1069 	 1.433
723 	 963 	 963 	 1.427
724 	 77 	 77 	 1.426
725 	 270 	 270 	 1.419
726 	 616 	 616 	 1.411
727 	 971 	 971 	 1.399
728 	 538 	 538 	 1.390
729 	 422 	 422 	 1.386
730 	 488 	 488 	 1.382
731 	 620 	 620 	 1.378
732 	 354 	 354 	 1.374
733 	 919 	 919 	 1.365
734 	 137 	 137 	 1.365
735 	 305 	 305 	 1.347
736 	 353 	 353 	 1.346
737 	 282 	 282 	 1.342
738 	 242 	 242 	 1.314
739 	 800 	 800 	 1.281
740 	 828 	 828 	 1.279
741 	 263 	 263 	 1.271
742 	 471 	 471 	 1.271
743 	 1064 	 1064 	 1.256
744 	 60 	 60 	 1.253
745 	 160 	 160 	 1.254
746 	 595 	 595 	 1.249
747 	 503 	 503 	 1.241
748 	 618 	 618 	 1.235
749 	 514 	 514 	 1.231
750 	 541 	 541 	 1.227
751 	 264 	 264 	 1.220
752 	 980 	 980 	 1.216
753 	 96 	 96 	 1.216
754 	 703 	 703 	 1.215
755 	 867 	 867 	 1.212
756 	 120 	 120 	 1.211
757 	 53 	 53 	 1.206
758 	 811 	 811 	 1.206
759 	 301 	 301 	 1.191
760 	 15 	 15 	 1.192
761 	 996 	 996 	 1.161
762 	 506 	 506 	 1.153
763 	 132 	 132 	 1.149
764 	 573 	 573 	 1.144
765 	 689 	 689 	 1.145
766 	 1007 	 1007 	 1.136
767 	 580 	 580 	 1.137
768 	 20 	 20 	 1.137
769 	 798 	 798 	 1.134
770 	 159 	 159 	 1.114
771 	 104 	 104 	 1.106
772 	 171 	 171 	 1.106
773 	 858 	 858 	 1.106
774 	 860 	 860 	 1.104
775 	 707 	 707 	 1.100
776 	 288 	 288 	 1.094
777 	 614 	 614 	 1.084
778 	 531 	 531 	 1.083
779 	 35 	 35 	 1.070
780 	 1059 	 1059 	 1.069
781 	 499 	 499 	 1.064
782 	 779 	 779 	 1.059
783 	 759 	 759 	 1.053
784 	 346 	 346 	 1.049
785 	 248 	 248 	 1.042
786 	 690 	 690 	 1.043
787 	 942 	 942 	 1.030
788 	 434 	 434 	 1.022
789 	 1074 	 1074 	 1.019
790 	 90 	 90 	 1.007
791 	 946 	 946 	 0.997
792 	 127 	 127 	 0.995
793 	 629 	 629 	 0.988
794 	 218 	 218 	 0.972
795 	 739 	 739 	 0.969
796 	 750 	 750 	 0.968
797 	 452 	 452 	 0.962
798 	 459 	 459 	 0.962
799 	 394 	 394 	 0.962
800 	 225 	 225 	 0.956
801 	 151 	 151 	 0.954
802 	 1006 	 1006 	 0.946
803 	 293 	 293 	 0.934
804 	 601 	 601 	 0.919
805 	 729 	 729 	 0.918
806 	 799 	 799 	 0.913
807 	 605 	 605 	 0.908
808 	 711 	 711 	 0.908
809 	 328 	 328 	 0.905
810 	 879 	 879 	 0.903
811 	 602 	 602 	 0.903
812 	 589 	 589 	 0.902
813 	 332 	 332 	 0.886
814 	 634 	 634 	 0.886
815 	 222 	 222 	 0.887
816 	 1003 	 1003 	 0.882
817 	 48 	 48 	 0.876
818 	 540 	 540 	 0.861
819 	 788 	 788 	 0.861
820 	 966 	 966 	 0.854
821 	 892 	 892 	 0.853
822 	 691 	 691 	 0.845
823 	 702 	 702 	 0.843
824 	 935 	 935 	 0.829
825 	 519 	 519 	 0.826
826 	 644 	 644 	 0.816
827 	 622 	 622 	 0.810
828 	 559 	 559 	 0.806
829 	 715 	 715 	 0.802
830 	 588 	 588 	 0.802
831 	 68 	 68 	 0.794
832 	 794 	 794 	 0.794
833 	 912 	 912 	 0.788
834 	 365 	 365 	 0.786
835 	 295 	 295 	 0.786
836 	 220 	 220 	 0.784
837 	 236 	 236 	 0.776
838 	 672 	 672 	 0.776
839 	 923 	 923 	 0.776
840 	 757 	 757 	 0.776
841 	 477 	 477 	 0.769
842 	 998 	 998 	 0.761
843 	 141 	 141 	 0.758
844 	 307 	 307 	 0.756
845 	 246 	 246 	 0.748
846 	 487 	 487 	 0.734
847 	 221 	 221 	 0.733
848 	 207 	 207 	 0.727
849 	 797 	 797 	 0.721
850 	 498 	 498 	 0.720
851 	 261 	 261 	 0.703
852 	 21 	 21 	 0.701
853 	 150 	 150 	 0.700
854 	 929 	 929 	 0.688
855 	 289 	 289 	 0.678
856 	 1045 	 1045 	 0.676
857 	 199 	 199 	 0.674
858 	 22 	 22 	 0.672
859 	 731 	 731 	 0.672
860 	 978 	 978 	 0.667
861 	 1061 	 1061 	 0.668
862 	 895 	 895 	 0.665
863 	 249 	 249 	 0.661
864 	 317 	 317 	 0.658
865 	 967 	 967 	 0.649
866 	 905 	 905 	 0.646
867 	 494 	 494 	 0.646
868 	 423 	 423 	 0.644
869 	 982 	 982 	 0.636
870 	 387 	 387 	 0.635
871 	 824 	 824 	 0.634
872 	 898 	 898 	 0.629
873 	 826 	 826 	 0.625
874 	 392 	 392 	 0.625
875 	 1034 	 1034 	 0.623
876 	 173 	 173 	 0.618
877 	 958 	 958 	 0.611
878 	 441 	 441 	 0.611
879 	 990 	 990 	 0.606
880 	 437 	 437 	 0.596
881 	 575 	 575 	 0.587
882 	 311 	 311 	 0.579
883 	 949 	 949 	 0.576
884 	 211 	 211 	 0.575
885 	 1019 	 1019 	 0.575
886 	 612 	 612 	 0.570
887 	 9 	 9 	 0.569
888 	 148 	 148 	 0.561
889 	 741 	 741 	 0.558
890 	 693 	 693 	 0.542
891 	 659 	 659 	 0.531
892 	 407 	 407 	 0.531
893 	 25 	 25 	 0.515
894 	 666 	 666 	 0.511
895 	 493 	 493 	 0.504
896 	 509 	 509 	 0.503
897 	 140 	 140 	 0.502
898 	 294 	 294 	 0.501
899 	 688 	 688 	 0.497
900 	 903 	 903 	 0.496
901 	 258 	 258 	 0.491
902 	 535 	 535 	 0.482
903 	 31 	 31 	 0.481
904 	 578 	 578 	 0.480
905 	 466 	 466 	 0.465
906 	 190 	 190 	 0.465
907 	 737 	 737 	 0.461
908 	 904 	 904 	 0.457
909 	 415 	 415 	 0.457
910 	 384 	 384 	 0.450
911 	 275 	 275 	 0.441
912 	 451 	 451 	 0.434
913 	 276 	 276 	 0.433
914 	 583 	 583 	 0.431
915 	 6 	 6 	 0.430
916 	 889 	 889 	 0.428
917 	 360 	 360 	 0.424
918 	 303 	 303 	 0.418
919 	 146 	 146 	 0.405
920 	 724 	 724 	 0.393
921 	 30 	 30 	 0.391
922 	 46 	 46 	 0.388
923 	 492 	 492 	 0.386
924 	 827 	 827 	 0.380
925 	 584 	 584 	 0.376
926 	 774 	 774 	 0.375
927 	 184 	 184 	 0.358
928 	 47 	 47 	 0.353
929 	 1050 	 1050 	 0.351
930 	 944 	 944 	 0.347
931 	 250 	 250 	 0.346
932 	 89 	 89 	 0.340
933 	 517 	 517 	 0.339
934 	 93 	 93 	 0.326
935 	 719 	 719 	 0.322
936 	 467 	 467 	 0.316
937 	 787 	 787 	 0.310
938 	 402 	 402 	 0.308
939 	 401 	 401 	 0.303
940 	 615 	 615 	 0.301
941 	 372 	 372 	 0.295
942 	 870 	 870 	 0.292
943 	 1042 	 1042 	 0.287
944 	 158 	 158 	 0.285
945 	 1046 	 1046 	 0.279
946 	 1068 	 1068 	 0.273
947 	 884 	 884 	 0.270
948 	 796 	 796 	 0.264
949 	 23 	 23 	 0.264
950 	 954 	 954 	 0.262
951 	 887 	 887 	 0.259
952 	 480 	 480 	 0.258
953 	 117 	 117 	 0.257
954 	 623 	 623 	 0.252
955 	 636 	 636 	 0.248
956 	 723 	 723 	 0.247
957 	 604 	 604 	 0.241
958 	 284 	 284 	 0.240
959 	 511 	 511 	 0.239
960 	 760 	 760 	 0.236
961 	 924 	 924 	 0.231
962 	 156 	 156 	 0.229
963 	 1054 	 1054 	 0.225
964 	 381 	 381 	 0.225
965 	 404 	 404 	 0.224
966 	 219 	 219 	 0.221
967 	 700 	 700 	 0.221
968 	 74 	 74 	 0.220
969 	 391 	 391 	 0.217
970 	 138 	 138 	 0.208
971 	 111 	 111 	 0.202
972 	 736 	 736 	 0.199
973 	 987 	 987 	 0.196
974 	 122 	 122 	 0.193
975 	 1044 	 1044 	 0.192
976 	 730 	 730 	 0.191
977 	 975 	 975 	 0.191
978 	 586 	 586 	 0.183
979 	 701 	 701 	 0.181
980 	 914 	 914 	 0.176
981 	 551 	 551 	 0.175
982 	 562 	 562 	 0.172
983 	 922 	 922 	 0.169
984 	 916 	 916 	 0.169
985 	 101 	 101 	 0.169
986 	 1039 	 1039 	 0.168
987 	 1040 	 1040 	 0.164
988 	 1049 	 1049 	 0.162
989 	 1066 	 1066 	 0.160
990 	 991 	 991 	 0.157
991 	 136 	 136 	 0.156
992 	 476 	 476 	 0.156
993 	 121 	 121 	 0.152
994 	 836 	 836 	 0.149
995 	 176 	 176 	 0.149
996 	 718 	 718 	 0.147
997 	 442 	 442 	 0.146
998 	 668 	 668 	 0.144
999 	 119 	 119 	 0.143
1000 	 712 	 712 	 0.138
1001 	 33 	 33 	 0.136
1002 	 155 	 155 	 0.135
1003 	 631 	 631 	 0.130
1004 	 839 	 839 	 0.128
1005 	 783 	 783 	 0.128
1006 	 40 	 40 	 0.126
1007 	 878 	 878 	 0.124
1008 	 1038 	 1038 	 0.122
1009 	 951 	 951 	 0.121
1010 	 581 	 581 	 0.109
1011 	 738 	 738 	 0.109
1012 	 995 	 995 	 0.109
1013 	 439 	 439 	 0.106
1014 	 369 	 369 	 0.104
1015 	 842 	 842 	 0.104
1016 	 396 	 396 	 0.103
1017 	 1060 	 1060 	 0.103
1018 	 744 	 744 	 0.097
1019 	 1001 	 1001 	 0.093
1020 	 224 	 224 	 0.092
1021 	 547 	 547 	 0.089
1022 	 913 	 913 	 0.088
1023 	 1031 	 1031 	 0.082
1024 	 479 	 479 	 0.081
1025 	 153 	 153 	 0.080
1026 	 933 	 933 	 0.079
1027 	 791 	 791 	 0.079
1028 	 495 	 495 	 0.072
1029 	 734 	 734 	 0.069
1030 	 306 	 306 	 0.068
1031 	 743 	 743 	 0.067
1032 	 286 	 286 	 0.066
1033 	 474 	 474 	 0.064
1034 	 921 	 921 	 0.062
1035 	 154 	 154 	 0.062
1036 	 785 	 785 	 0.060
1037 	 901 	 901 	 0.057
1038 	 515 	 515 	 0.056
1039 	 92 	 92 	 0.055
1040 	 333 	 333 	 0.053
1041 	 97 	 97 	 0.052
1042 	 685 	 685 	 0.050
1043 	 144 	 144 	 0.049
1044 	 792 	 792 	 0.049
1045 	 1057 	 1057 	 0.048
1046 	 641 	 641 	 0.048
1047 	 386 	 386 	 0.046
1048 	 296 	 296 	 0.044
1049 	 349 	 349 	 0.044
1050 	 1043 	 1043 	 0.043
1051 	 505 	 505 	 0.040
1052 	 145 	 145 	 0.039
1053 	 786 	 786 	 0.039
1054 	 318 	 318 	 0.038
1055 	 73 	 73 	 0.035
1056 	 825 	 825 	 0.034
1057 	 57 	 57 	 0.034
1058 	 1053 	 1053 	 0.033
1059 	 874 	 874 	 0.031
1060 	 359 	 359 	 0.031
1061 	 885 	 885 	 0.030
1062 	 473 	 473 	 0.030
1063 	 251 	 251 	 0.029
1064 	 1032 	 1032 	 0.026
1065 	 1055 	 1055 	 0.024
1066 	 841 	 841 	 0.023
1067 	 695 	 695 	 0.022
1068 	 56 	 56 	 0.019
1069 	 411 	 411 	 0.016
1070 	 259 	 259 	 0.014
1071 	 1076 	 1076 	 0.013
1072 	 866 	 866 	 0.012
1073 	 1027 	 1027 	 0.011
1074 	 39 	 39 	 0.010
1075 	 1062 	 1062 	 0.009
1076 	 110 	 110 	 0.008
1077 	 71 	 71 	 0.006
1078 	 186 	 186 	 0.006
1079 	 273 	 273 	 0.005
1080 	 27 	 27 	 0.004
1081 	 133 	 133 	 0.004
1082 	 613 	 613 	 0.004
1083 	 684 	 684 	 0.004
1084 	 983 	 983 	 0.003
1085 	 1063 	 1063 	 0.003
1086 	 321 	 321 	 0.003
1087 	 981 	 981 	 0.002
1088 	 403 	 403 	 0.002
1089 	 37 	 37 	 0.001
1090 	 1037 	 1037 	 0.001
1091 	 908 	 908 	 0.001
1092 	 1002 	 1002 	 0.000
1093 	 356 	 356 	 0.000
1094 	 1051 	 1051 	 0.000
1095 	 952 	 952 	 0.000
1096 	 789 	 789 	 0.000
1097 	 409 	 409 	 0.000